7.695  47.33578
10.0231  46.413636
8.425  46.87049
7.2302  47.39377
9.8795  46.7805
7.4084  46.081053
7.8322  46.21652
8.1105  46.43521
10.2635  46.620334
8.6632  46.4549
8.3189  46.578146
8.1512  46.75681
7.7717  46.41554
9.4927  47.2946
9.0083  46.84676
7.964  46.05053
9.0417  45.92186
8.6371  46.96765
8.7483  46.595121
9.1117  46.825743
9.3807  47.04921
7.0865  47.30267
7.2994  46.36335
8.0196  46.23962
8.4924  47.7645
8.1115  47.52748
7.5968  46.21006
9.4496  46.48318
8.9075  47.41465
7.6242  46.66488
8.5809  47.36921
7.1234  43.5644
7.05  44.184
7.5545  43.9872
7.2633  44.83517
7.5682  45.6019
7.4203  44.22666
8.3253  44.1775
9.2926  44.6071
10.4915  43.91417
7.7027  43.84617
8.5452  44.54133
10.757  44.045
8.0662  44.11217
8.3527  44.8493
7.2653  45.14817
7.8685  45.8753
7.326  44.2455
7.747  45.51267
12.9415  43.49807
12.6587  43.0426
12.2661  43.56589
12.5715  43.3666
12.268  43.33419
12.457  43.4807
12.3536  43.1979
12.4066  43.38211
10.597  44.06238
9.4478  44.76792
10.3722  46.47616
11.9663  43.3292
12.9046  43.0049
13.1954  43.37557
11.8056  44.5808
10.9795  43.79559722222
11.6497  46.04818
7.2466  44.50415
11.2551  43.774366
11.1562  43.20972
12.7804  46.59658
13.3352  43.0627
10.514  46.05492
7.9271  45.0739
9.5174  44.31625
12.5246  43.263
12.5806  43.610823
11.2458  43.52358
12.2386  43.6486
12.8402  43.94105
8.3459  44.32425
11.0721  45.6468
12.4451  43.937695
12.9406  43.255
12.7822  43.43628
12.7104  46.2601
11.6739  45.361667
10.9026  43.11478
8.77  45.867695
13.5137  46.548
11.8047  45.8806
12.5005  46.0266
13.6336  45.9875
13.2755  46.25383
11.3205  46.7285
11.3185  46.4952
11.3778  46.463
10.5495  46.6164
12.0787  46.948
11.4118  46.9281
