6 49 3.0
6.1 49 3.0
6.2 49 3.0
6.3 49 3.0
6.4 49 3.0
6.5 49 3.0
6.6 49 3.0
6.7 49 3.0
6.8 49 3.0
6.9 49 3.0
7 49 3.0
7.1 49 3.0
7.2 49 3.0
7.3 49 3.0
7.4 49 3.0
7.5 49 3.0
7.6 49 3.0
7.7 49 3.0
7.8 49 3.0
7.9 49 3.0
8 49 3.0
8.1 49 3.0
8.2 49 3.0
8.3 49 3.0
8.4 49 3.0
8.5 49 3.0
8.6 49 3.0
8.7 49 3.0
8.8 49 3.0
8.9 49 3.0
9 49 3.0
9.1 49 3.0
9.2 49 3.0
9.3 49 3.0
9.4 49 3.0
9.5 49 3.0
9.6 49 3.0
9.7 49 3.0
9.8 49 3.0
9.9 49 3.0
10 49 3.0
10.1 49 3.0
10.2 49 3.0
10.3 49 3.0
10.4 49 3.0
10.5 49 3.0
10.6 49 3.0
10.7 49 3.0
10.8 49 3.0
10.9 49 3.0
11 49 3.0
11.1 49 3.0
11.2 49 3.0
11.3 49 3.0
11.4 49 3.0
11.5 49 3.0
11.6 49 3.0
11.7 49 3.0
11.8 49 3.0
11.9 49 3.0
12 49 3.0
12.1 49 3.0
12.2 49 3.0
12.3 49 3.0
12.4 49 3.0
12.5 49 3.0
12.6 49 3.0
12.7 49 3.0
12.8 49 3.0
12.9 49 3.0
13 49 3.0
13.1 49 3.0
13.2 49 3.0
13.3 49 3.0
13.4 49 3.0
13.5 49 3.0
13.6 49 3.0
13.7 49 3.0
13.8 49 3.0
13.9 49 3.0
14 49 3.0
14.1 49 3.0
14.2 49 3.0
14.3 49 3.0
14.4 49 3.0
14.5 49 3.0
14.6 49 3.0
14.7 49 3.0
14.8 49 3.0
14.9 49 3.0
15 49 3.0
15.1 49 3.0
15.2 49 3.0
15.3 49 3.0
15.4 49 3.0
15.5 49 3.0
15.6 49 3.0
15.7 49 3.0
15.8 49 3.0
15.9 49 3.0
16 49 3.0
16.1 49 3.0
16.2 49 3.0
16.3 49 3.0
16.4 49 3.0
16.5 49 3.0
16.6 49 3.0
16.7 49 3.0
16.8 49 3.0
16.9 49 3.0
17 49 3.0
6 48.9 3.0
6.1 48.9 3.0
6.2 48.9 3.0
6.3 48.9 3.0
6.4 48.9 3.0
6.5 48.9 3.0
6.6 48.9 3.0
6.7 48.9 3.0
6.8 48.9 3.0
6.9 48.9 3.0
7 48.9 3.0
7.1 48.9 3.0
7.2 48.9 3.0
7.3 48.9 3.0
7.4 48.9 3.0
7.5 48.9 3.0
7.6 48.9 3.0
7.7 48.9 3.0
7.8 48.9 3.0
7.9 48.9 3.0
8 48.9 3.0
8.1 48.9 3.0
8.2 48.9 3.0
8.3 48.9 3.0
8.4 48.9 3.0
8.5 48.9 3.0
8.6 48.9 3.0
8.7 48.9 3.0
8.8 48.9 3.0
8.9 48.9 3.0
9 48.9 3.0
9.1 48.9 3.0
9.2 48.9 3.0
9.3 48.9 3.0
9.4 48.9 3.0
9.5 48.9 3.0
9.6 48.9 3.0
9.7 48.9 3.0
9.8 48.9 3.0
9.9 48.9 3.0
10 48.9 3.0
10.1 48.9 3.0
10.2 48.9 3.0
10.3 48.9 3.0
10.4 48.9 3.0
10.5 48.9 3.0
10.6 48.9 3.0
10.7 48.9 3.0
10.8 48.9 3.0
10.9 48.9 3.0
11 48.9 3.0
11.1 48.9 3.0
11.2 48.9 3.0
11.3 48.9 3.0
11.4 48.9 3.0
11.5 48.9 3.0
11.6 48.9 3.0
11.7 48.9 3.0
11.8 48.9 3.0
11.9 48.9 3.0
12 48.9 3.0
12.1 48.9 3.0
12.2 48.9 3.0
12.3 48.9 3.0
12.4 48.9 3.0
12.5 48.9 3.0
12.6 48.9 3.0
12.7 48.9 3.0
12.8 48.9 3.0
12.9 48.9 3.0
13 48.9 3.0
13.1 48.9 3.0
13.2 48.9 3.0
13.3 48.9 3.0
13.4 48.9 3.0
13.5 48.9 3.0
13.6 48.9 3.0
13.7 48.9 3.0
13.8 48.9 3.0
13.9 48.9 3.0
14 48.9 3.0
14.1 48.9 3.0
14.2 48.9 3.0
14.3 48.9 3.0
14.4 48.9 3.0
14.5 48.9 3.0
14.6 48.9 3.0
14.7 48.9 3.0
14.8 48.9 3.0
14.9 48.9 3.0
15 48.9 3.0
15.1 48.9 3.0
15.2 48.9 3.0
15.3 48.9 3.0
15.4 48.9 3.0
15.5 48.9 3.0
15.6 48.9 3.0
15.7 48.9 3.0
15.8 48.9 3.0
15.9 48.9 3.0
16 48.9 3.0
16.1 48.9 3.0
16.2 48.9 3.0
16.3 48.9 3.0
16.4 48.9 3.0
16.5 48.9 3.0
16.6 48.9 3.0
16.7 48.9 3.0
16.8 48.9 3.0
16.9 48.9 3.0
17 48.9 3.0
6 48.8 3.0
6.1 48.8 3.0
6.2 48.8 3.0
6.3 48.8 3.0
6.4 48.8 3.0
6.5 48.8 3.0
6.6 48.8 3.0
6.7 48.8 3.0
6.8 48.8 3.0
6.9 48.8 3.0
7 48.8 3.0
7.1 48.8 3.0
7.2 48.8 3.0
7.3 48.8 3.0
7.4 48.8 3.0
7.5 48.8 3.0
7.6 48.8 3.0
7.7 48.8 3.0
7.8 48.8 3.0
7.9 48.8 3.0
8 48.8 3.0
8.1 48.8 3.0
8.2 48.8 3.0
8.3 48.8 3.0
8.4 48.8 3.0
8.5 48.8 3.0
8.6 48.8 3.0
8.7 48.8 3.0
8.8 48.8 3.0
8.9 48.8 3.0
9 48.8 3.0
9.1 48.8 3.0
9.2 48.8 3.0
9.3 48.8 3.0
9.4 48.8 3.0
9.5 48.8 3.0
9.6 48.8 3.0
9.7 48.8 3.0
9.8 48.8 3.0
9.9 48.8 3.0
10 48.8 3.0
10.1 48.8 3.0
10.2 48.8 3.0
10.3 48.8 3.0
10.4 48.8 3.0
10.5 48.8 3.0
10.6 48.8 3.0
10.7 48.8 3.0
10.8 48.8 3.0
10.9 48.8 3.0
11 48.8 3.0
11.1 48.8 3.0
11.2 48.8 3.0
11.3 48.8 3.0
11.4 48.8 3.0
11.5 48.8 3.0
11.6 48.8 3.0
11.7 48.8 3.0
11.8 48.8 3.0
11.9 48.8 3.0
12 48.8 3.0
12.1 48.8 3.0
12.2 48.8 3.0
12.3 48.8 3.0
12.4 48.8 3.0
12.5 48.8 3.0
12.6 48.8 3.0
12.7 48.8 3.0
12.8 48.8 3.0
12.9 48.8 3.0
13 48.8 3.0
13.1 48.8 3.0
13.2 48.8 3.0
13.3 48.8 3.0
13.4 48.8 3.0
13.5 48.8 3.0
13.6 48.8 3.0
13.7 48.8 3.0
13.8 48.8 3.0
13.9 48.8 3.0
14 48.8 3.0
14.1 48.8 3.0
14.2 48.8 3.0
14.3 48.8 3.0
14.4 48.8 3.0
14.5 48.8 3.0
14.6 48.8 3.0
14.7 48.8 3.0
14.8 48.8 3.0
14.9 48.8 3.0
15 48.8 3.0
15.1 48.8 3.0
15.2 48.8 3.0
15.3 48.8 3.0
15.4 48.8 3.0
15.5 48.8 3.0
15.6 48.8 3.0
15.7 48.8 3.0
15.8 48.8 3.0
15.9 48.8 3.0
16 48.8 3.0
16.1 48.8 3.0
16.2 48.8 3.0
16.3 48.8 3.0
16.4 48.8 3.0
16.5 48.8 3.0
16.6 48.8 3.0
16.7 48.8 3.0
16.8 48.8 3.0
16.9 48.8 3.0
17 48.8 3.0
6 48.7 3.0
6.1 48.7 3.0
6.2 48.7 3.0
6.3 48.7 3.0
6.4 48.7 3.0
6.5 48.7 3.0
6.6 48.7 3.0
6.7 48.7 3.0
6.8 48.7 3.0
6.9 48.7 3.0
7 48.7 3.0
7.1 48.7 3.0
7.2 48.7 3.0
7.3 48.7 3.0
7.4 48.7 3.0
7.5 48.7 3.0
7.6 48.7 3.0
7.7 48.7 3.0
7.8 48.7 3.0
7.9 48.7 3.0
8 48.7 3.0
8.1 48.7 3.0
8.2 48.7 3.0
8.3 48.7 3.0
8.4 48.7 3.0
8.5 48.7 3.0
8.6 48.7 3.0
8.7 48.7 3.0
8.8 48.7 3.0
8.9 48.7 3.0
9 48.7 3.0
9.1 48.7 3.0
9.2 48.7 3.0
9.3 48.7 3.0
9.4 48.7 3.0
9.5 48.7 3.0
9.6 48.7 3.0
9.7 48.7 3.0
9.8 48.7 3.0
9.9 48.7 3.0
10 48.7 3.0
10.1 48.7 3.0
10.2 48.7 3.0
10.3 48.7 3.0
10.4 48.7 3.0
10.5 48.7 3.0
10.6 48.7 3.0
10.7 48.7 3.0
10.8 48.7 3.0
10.9 48.7 3.0
11 48.7 3.0
11.1 48.7 3.0
11.2 48.7 3.0
11.3 48.7 3.0
11.4 48.7 3.0
11.5 48.7 3.0
11.6 48.7 3.0
11.7 48.7 3.0
11.8 48.7 3.0
11.9 48.7 3.0
12 48.7 3.0
12.1 48.7 3.0
12.2 48.7 3.0
12.3 48.7 3.0
12.4 48.7 3.0
12.5 48.7 3.0
12.6 48.7 3.0
12.7 48.7 3.0
12.8 48.7 3.0
12.9 48.7 3.0
13 48.7 3.0
13.1 48.7 3.0
13.2 48.7 3.0
13.3 48.7 3.0
13.4 48.7 3.0
13.5 48.7 3.0
13.6 48.7 3.0
13.7 48.7 3.0
13.8 48.7 3.0
13.9 48.7 3.0
14 48.7 3.0
14.1 48.7 3.0
14.2 48.7 3.0
14.3 48.7 3.0
14.4 48.7 3.0
14.5 48.7 3.0
14.6 48.7 3.0
14.7 48.7 3.0
14.8 48.7 3.0
14.9 48.7 3.0
15 48.7 3.0
15.1 48.7 3.0
15.2 48.7 3.0
15.3 48.7 3.0
15.4 48.7 3.0
15.5 48.7 3.0
15.6 48.7 3.0
15.7 48.7 3.0
15.8 48.7 3.0
15.9 48.7 3.0
16 48.7 3.0
16.1 48.7 3.0
16.2 48.7 3.0
16.3 48.7 3.0
16.4 48.7 3.0
16.5 48.7 3.0
16.6 48.7 3.0
16.7 48.7 3.0
16.8 48.7 3.0
16.9 48.7 3.0
17 48.7 3.0
6 48.6 3.0
6.1 48.6 3.0
6.2 48.6 3.0
6.3 48.6 3.0
6.4 48.6 3.0
6.5 48.6 3.0
6.6 48.6 3.0
6.7 48.6 3.0
6.8 48.6 3.0
6.9 48.6 3.0
7 48.6 3.0
7.1 48.6 3.0
7.2 48.6 3.0
7.3 48.6 3.0
7.4 48.6 3.0
7.5 48.6 3.0
7.6 48.6 3.0
7.7 48.6 3.0
7.8 48.6 3.0
7.9 48.6 3.0
8 48.6 3.0
8.1 48.6 3.0
8.2 48.6 3.0
8.3 48.6 3.0
8.4 48.6 3.0
8.5 48.6 3.0
8.6 48.6 3.0
8.7 48.6 3.0
8.8 48.6 3.0
8.9 48.6 3.0
9 48.6 3.0
9.1 48.6 3.0
9.2 48.6 3.0
9.3 48.6 3.0
9.4 48.6 3.0
9.5 48.6 3.0
9.6 48.6 3.0
9.7 48.6 3.0
9.8 48.6 3.0
9.9 48.6 3.0
10 48.6 3.0
10.1 48.6 3.0
10.2 48.6 3.0
10.3 48.6 3.0
10.4 48.6 3.0
10.5 48.6 3.0
10.6 48.6 3.0
10.7 48.6 3.0
10.8 48.6 3.0
10.9 48.6 3.0
11 48.6 3.0
11.1 48.6 3.0
11.2 48.6 3.0
11.3 48.6 3.0
11.4 48.6 3.0
11.5 48.6 3.0
11.6 48.6 3.0
11.7 48.6 3.0
11.8 48.6 3.0
11.9 48.6 3.0
12 48.6 3.0
12.1 48.6 3.0
12.2 48.6 3.0
12.3 48.6 3.0
12.4 48.6 3.0
12.5 48.6 3.0
12.6 48.6 3.0
12.7 48.6 3.0
12.8 48.6 3.0
12.9 48.6 3.0
13 48.6 3.0
13.1 48.6 3.0
13.2 48.6 3.0
13.3 48.6 3.0
13.4 48.6 3.0
13.5 48.6 3.0
13.6 48.6 3.0
13.7 48.6 3.0
13.8 48.6 3.0
13.9 48.6 3.0
14 48.6 3.0
14.1 48.6 3.0
14.2 48.6 3.0
14.3 48.6 3.0
14.4 48.6 3.0
14.5 48.6 3.0
14.6 48.6 3.0
14.7 48.6 3.0
14.8 48.6 3.0
14.9 48.6 3.0
15 48.6 3.0
15.1 48.6 3.0
15.2 48.6 3.0
15.3 48.6 3.0
15.4 48.6 3.0
15.5 48.6 3.0
15.6 48.6 3.0
15.7 48.6 3.0
15.8 48.6 3.0
15.9 48.6 3.0
16 48.6 3.0
16.1 48.6 3.0
16.2 48.6 3.0
16.3 48.6 3.0
16.4 48.6 3.0
16.5 48.6 3.0
16.6 48.6 3.0
16.7 48.6 3.0
16.8 48.6 3.0
16.9 48.6 3.0
17 48.6 3.0
6 48.5 3.0
6.1 48.5 3.0
6.2 48.5 3.0
6.3 48.5 3.0
6.4 48.5 3.0
6.5 48.5 3.0
6.6 48.5 3.0
6.7 48.5 3.0
6.8 48.5 3.0
6.9 48.5 3.0
7 48.5 3.0
7.1 48.5 3.0
7.2 48.5 3.0
7.3 48.5 3.0
7.4 48.5 3.0
7.5 48.5 3.0
7.6 48.5 3.0
7.7 48.5 3.0
7.8 48.5 3.0
7.9 48.5 3.0
8 48.5 3.0
8.1 48.5 3.0
8.2 48.5 3.0
8.3 48.5 3.0
8.4 48.5 3.0
8.5 48.5 3.0
8.6 48.5 3.0
8.7 48.5 3.0
8.8 48.5 3.0
8.9 48.5 3.0
9 48.5 3.0
9.1 48.5 3.0
9.2 48.5 3.0
9.3 48.5 3.0
9.4 48.5 3.0
9.5 48.5 3.0
9.6 48.5 3.0
9.7 48.5 3.0
9.8 48.5 3.0
9.9 48.5 3.0
10 48.5 3.0
10.1 48.5 3.0
10.2 48.5 3.0
10.3 48.5 3.0
10.4 48.5 3.0
10.5 48.5 3.0
10.6 48.5 3.0
10.7 48.5 3.0
10.8 48.5 3.0
10.9 48.5 3.0
11 48.5 3.0
11.1 48.5 3.0
11.2 48.5 3.0
11.3 48.5 3.0
11.4 48.5 3.0
11.5 48.5 3.0
11.6 48.5 3.0
11.7 48.5 3.0
11.8 48.5 3.0
11.9 48.5 3.0
12 48.5 3.0
12.1 48.5 3.0
12.2 48.5 3.0
12.3 48.5 3.0
12.4 48.5 3.0
12.5 48.5 3.0
12.6 48.5 3.0
12.7 48.5 3.0
12.8 48.5 3.0
12.9 48.5 3.0
13 48.5 3.0
13.1 48.5 3.0
13.2 48.5 3.0
13.3 48.5 3.0
13.4 48.5 3.0
13.5 48.5 3.0
13.6 48.5 3.0
13.7 48.5 3.0
13.8 48.5 3.0
13.9 48.5 3.0
14 48.5 3.0
14.1 48.5 3.0
14.2 48.5 3.0
14.3 48.5 3.0
14.4 48.5 3.0
14.5 48.5 3.0
14.6 48.5 3.0
14.7 48.5 3.0
14.8 48.5 3.0
14.9 48.5 3.0
15 48.5 3.0
15.1 48.5 3.0
15.2 48.5 3.0
15.3 48.5 3.0
15.4 48.5 3.0
15.5 48.5 3.0
15.6 48.5 3.0
15.7 48.5 3.0
15.8 48.5 3.0
15.9 48.5 3.0
16 48.5 3.0
16.1 48.5 3.0
16.2 48.5 3.0
16.3 48.5 3.0
16.4 48.5 3.0
16.5 48.5 3.0
16.6 48.5 3.0
16.7 48.5 3.0
16.8 48.5 3.0
16.9 48.5 3.0
17 48.5 3.0
6 48.4 3.0
6.1 48.4 3.0
6.2 48.4 3.0
6.3 48.4 3.0
6.4 48.4 3.0
6.5 48.4 3.0
6.6 48.4 3.0
6.7 48.4 3.0
6.8 48.4 3.0
6.9 48.4 3.0
7 48.4 3.0
7.1 48.4 3.0
7.2 48.4 3.0
7.3 48.4 3.0
7.4 48.4 3.0
7.5 48.4 3.0
7.6 48.4 3.0
7.7 48.4 3.0
7.8 48.4 3.0
7.9 48.4 3.0
8 48.4 3.0
8.1 48.4 3.0
8.2 48.4 3.0
8.3 48.4 3.0
8.4 48.4 3.0
8.5 48.4 3.0
8.6 48.4 3.0
8.7 48.4 3.0
8.8 48.4 3.0
8.9 48.4 3.0
9 48.4 3.0
9.1 48.4 3.0
9.2 48.4 3.0
9.3 48.4 3.0
9.4 48.4 3.0
9.5 48.4 3.0
9.6 48.4 3.0
9.7 48.4 3.0
9.8 48.4 3.0
9.9 48.4 3.0
10 48.4 3.0
10.1 48.4 3.0
10.2 48.4 3.0
10.3 48.4 3.0
10.4 48.4 3.0
10.5 48.4 3.0
10.6 48.4 3.0
10.7 48.4 3.0
10.8 48.4 3.0
10.9 48.4 3.0
11 48.4 3.0
11.1 48.4 3.0
11.2 48.4 3.0
11.3 48.4 3.0
11.4 48.4 3.0
11.5 48.4 3.0
11.6 48.4 3.0
11.7 48.4 3.0
11.8 48.4 3.0
11.9 48.4 3.0
12 48.4 3.0
12.1 48.4 3.0
12.2 48.4 3.0
12.3 48.4 3.0
12.4 48.4 3.0
12.5 48.4 3.0
12.6 48.4 3.0
12.7 48.4 3.0
12.8 48.4 3.0
12.9 48.4 3.0
13 48.4 3.0
13.1 48.4 3.0
13.2 48.4 3.0
13.3 48.4 3.0
13.4 48.4 3.0
13.5 48.4 3.0
13.6 48.4 3.0
13.7 48.4 3.0
13.8 48.4 3.0
13.9 48.4 3.0
14 48.4 3.0
14.1 48.4 3.0
14.2 48.4 3.0
14.3 48.4 3.0
14.4 48.4 3.0
14.5 48.4 3.0
14.6 48.4 3.0
14.7 48.4 3.0
14.8 48.4 3.0
14.9 48.4 3.0
15 48.4 3.0
15.1 48.4 3.0
15.2 48.4 3.0
15.3 48.4 3.0
15.4 48.4 3.0
15.5 48.4 3.0
15.6 48.4 3.0
15.7 48.4 3.0
15.8 48.4 3.0
15.9 48.4 3.0
16 48.4 3.0
16.1 48.4 3.0
16.2 48.4 3.0
16.3 48.4 3.0
16.4 48.4 3.0
16.5 48.4 3.0
16.6 48.4 3.0
16.7 48.4 3.0
16.8 48.4 3.0
16.9 48.4 3.0
17 48.4 3.0
6 48.3 3.0
6.1 48.3 3.0
6.2 48.3 3.0
6.3 48.3 3.0
6.4 48.3 3.0
6.5 48.3 3.0
6.6 48.3 3.0
6.7 48.3 3.0
6.8 48.3 3.0
6.9 48.3 3.0
7 48.3 3.0
7.1 48.3 3.0
7.2 48.3 3.0
7.3 48.3 3.0
7.4 48.3 3.0
7.5 48.3 3.0
7.6 48.3 3.0
7.7 48.3 3.0
7.8 48.3 3.0
7.9 48.3 3.0
8 48.3 3.0
8.1 48.3 3.0
8.2 48.3 3.0
8.3 48.3 3.0
8.4 48.3 3.0
8.5 48.3 3.0
8.6 48.3 3.0
8.7 48.3 3.0
8.8 48.3 3.0
8.9 48.3 3.0
9 48.3 3.0
9.1 48.3 3.0
9.2 48.3 3.0
9.3 48.3 3.0
9.4 48.3 3.0
9.5 48.3 3.0
9.6 48.3 3.0
9.7 48.3 3.0
9.8 48.3 3.0
9.9 48.3 3.0
10 48.3 3.0
10.1 48.3 3.0
10.2 48.3 3.0
10.3 48.3 3.0
10.4 48.3 3.0
10.5 48.3 3.0
10.6 48.3 3.0
10.7 48.3 3.0
10.8 48.3 3.0
10.9 48.3 3.0
11 48.3 3.0
11.1 48.3 3.0
11.2 48.3 3.0
11.3 48.3 3.0
11.4 48.3 3.0
11.5 48.3 3.0
11.6 48.3 3.0
11.7 48.3 3.0
11.8 48.3 3.0
11.9 48.3 3.0
12 48.3 3.0
12.1 48.3 3.0
12.2 48.3 3.0
12.3 48.3 3.0
12.4 48.3 3.0
12.5 48.3 3.0
12.6 48.3 3.0
12.7 48.3 3.0
12.8 48.3 3.0
12.9 48.3 3.0
13 48.3 3.0
13.1 48.3 3.0
13.2 48.3 3.0
13.3 48.3 3.0
13.4 48.3 3.0
13.5 48.3 3.0
13.6 48.3 3.0
13.7 48.3 3.0
13.8 48.3 3.0
13.9 48.3 3.0
14 48.3 3.0
14.1 48.3 3.0
14.2 48.3 3.0
14.3 48.3 3.0
14.4 48.3 3.0
14.5 48.3 3.0
14.6 48.3 3.0
14.7 48.3 3.0
14.8 48.3 3.0
14.9 48.3 3.0
15 48.3 3.0
15.1 48.3 3.0
15.2 48.3 3.0
15.3 48.3 3.0
15.4 48.3 3.0
15.5 48.3 3.0
15.6 48.3 3.0
15.7 48.3 3.0
15.8 48.3 3.0
15.9 48.3 3.0
16 48.3 3.0
16.1 48.3 3.0
16.2 48.3 3.0
16.3 48.3 3.0
16.4 48.3 3.0
16.5 48.3 3.0
16.6 48.3 3.0
16.7 48.3 3.0
16.8 48.3 3.0
16.9 48.3 3.0
17 48.3 3.0
6 48.2 3.0
6.1 48.2 3.0
6.2 48.2 3.0
6.3 48.2 3.0
6.4 48.2 3.0
6.5 48.2 3.0
6.6 48.2 3.0
6.7 48.2 3.0
6.8 48.2 3.0
6.9 48.2 3.0
7 48.2 3.0
7.1 48.2 3.0
7.2 48.2 3.0
7.3 48.2 3.0
7.4 48.2 3.0
7.5 48.2 3.0
7.6 48.2 3.0
7.7 48.2 3.0
7.8 48.2 3.0
7.9 48.2 3.0
8 48.2 3.0
8.1 48.2 3.0
8.2 48.2 3.0
8.3 48.2 3.0
8.4 48.2 3.0
8.5 48.2 3.0
8.6 48.2 3.0
8.7 48.2 3.0
8.8 48.2 3.0
8.9 48.2 3.0
9 48.2 3.0
9.1 48.2 3.0
9.2 48.2 3.0
9.3 48.2 3.0
9.4 48.2 3.0
9.5 48.2 3.0
9.6 48.2 3.0
9.7 48.2 3.0
9.8 48.2 3.0
9.9 48.2 3.0
10 48.2 3.0
10.1 48.2 3.0
10.2 48.2 3.0
10.3 48.2 3.0
10.4 48.2 3.0
10.5 48.2 3.0
10.6 48.2 3.0
10.7 48.2 3.0
10.8 48.2 3.0
10.9 48.2 3.0
11 48.2 3.0
11.1 48.2 3.0
11.2 48.2 3.0
11.3 48.2 3.0
11.4 48.2 3.0
11.5 48.2 3.0
11.6 48.2 3.0
11.7 48.2 3.0
11.8 48.2 3.0
11.9 48.2 3.0
12 48.2 3.0
12.1 48.2 3.0
12.2 48.2 3.0
12.3 48.2 3.0
12.4 48.2 3.0
12.5 48.2 3.0
12.6 48.2 3.0
12.7 48.2 3.0
12.8 48.2 3.0
12.9 48.2 3.0
13 48.2 3.0
13.1 48.2 3.0
13.2 48.2 3.0
13.3 48.2 3.0
13.4 48.2 3.0
13.5 48.2 3.0
13.6 48.2 3.0
13.7 48.2 3.0
13.8 48.2 3.0
13.9 48.2 3.0
14 48.2 3.0
14.1 48.2 3.0
14.2 48.2 3.0
14.3 48.2 3.0
14.4 48.2 3.0
14.5 48.2 3.0
14.6 48.2 3.0
14.7 48.2 3.0
14.8 48.2 3.0
14.9 48.2 3.0
15 48.2 3.0
15.1 48.2 3.0
15.2 48.2 3.0
15.3 48.2 3.0
15.4 48.2 3.0
15.5 48.2 3.0
15.6 48.2 3.0
15.7 48.2 3.0
15.8 48.2 3.0
15.9 48.2 3.0
16 48.2 3.0
16.1 48.2 3.0
16.2 48.2 3.0
16.3 48.2 3.0
16.4 48.2 3.0
16.5 48.2 3.0
16.6 48.2 3.0
16.7 48.2 3.0
16.8 48.2 3.0
16.9 48.2 3.0
17 48.2 3.0
6 48.1 3.0
6.1 48.1 3.0
6.2 48.1 3.0
6.3 48.1 3.0
6.4 48.1 3.0
6.5 48.1 3.0
6.6 48.1 3.0
6.7 48.1 3.0
6.8 48.1 3.0
6.9 48.1 3.0
7 48.1 3.0
7.1 48.1 3.0
7.2 48.1 3.0
7.3 48.1 3.0
7.4 48.1 3.0
7.5 48.1 3.0
7.6 48.1 3.0
7.7 48.1 3.0
7.8 48.1 3.0
7.9 48.1 3.0
8 48.1 3.0
8.1 48.1 3.0
8.2 48.1 3.0
8.3 48.1 3.0
8.4 48.1 3.0
8.5 48.1 3.0
8.6 48.1 3.0
8.7 48.1 3.0
8.8 48.1 3.0
8.9 48.1 3.0
9 48.1 3.0
9.1 48.1 3.0
9.2 48.1 3.0
9.3 48.1 3.0
9.4 48.1 3.0
9.5 48.1 3.0
9.6 48.1 3.0
9.7 48.1 3.0
9.8 48.1 3.0
9.9 48.1 3.0
10 48.1 3.0
10.1 48.1 3.0
10.2 48.1 3.0
10.3 48.1 3.0
10.4 48.1 3.0
10.5 48.1 3.0
10.6 48.1 3.0
10.7 48.1 3.0
10.8 48.1 3.0
10.9 48.1 3.0
11 48.1 3.0
11.1 48.1 3.0
11.2 48.1 3.0
11.3 48.1 3.0
11.4 48.1 3.0
11.5 48.1 3.0
11.6 48.1 3.0
11.7 48.1 3.0
11.8 48.1 3.0
11.9 48.1 3.0
12 48.1 3.0
12.1 48.1 3.0
12.2 48.1 3.0
12.3 48.1 3.0
12.4 48.1 3.0
12.5 48.1 3.0
12.6 48.1 3.0
12.7 48.1 3.0
12.8 48.1 3.0
12.9 48.1 3.0
13 48.1 3.0
13.1 48.1 3.0
13.2 48.1 3.0
13.3 48.1 3.0
13.4 48.1 3.0
13.5 48.1 3.0
13.6 48.1 3.0
13.7 48.1 3.0
13.8 48.1 3.0
13.9 48.1 3.0
14 48.1 3.0
14.1 48.1 3.0
14.2 48.1 3.0
14.3 48.1 3.0
14.4 48.1 3.0
14.5 48.1 3.0
14.6 48.1 3.0
14.7 48.1 3.0
14.8 48.1 3.0
14.9 48.1 3.0
15 48.1 3.0
15.1 48.1 3.0
15.2 48.1 3.0
15.3 48.1 3.0
15.4 48.1 3.0
15.5 48.1 3.0
15.6 48.1 3.0
15.7 48.1 3.0
15.8 48.1 3.0
15.9 48.1 3.0
16 48.1 3.0
16.1 48.1 3.0
16.2 48.1 3.0
16.3 48.1 3.0
16.4 48.1 3.0
16.5 48.1 3.0
16.6 48.1 3.0
16.7 48.1 3.0
16.8 48.1 3.0
16.9 48.1 3.0
17 48.1 3.0
6 48 3.0
6.1 48 3.0
6.2 48 3.0
6.3 48 3.0
6.4 48 3.0
6.5 48 3.0
6.6 48 3.0
6.7 48 3.0
6.8 48 3.0
6.9 48 3.0
7 48 3.0
7.1 48 3.0
7.2 48 3.0
7.3 48 3.0
7.4 48 3.0
7.5 48 3.0
7.6 48 3.0
7.7 48 3.0
7.8 48 3.0
7.9 48 3.0
8 48 3.0
8.1 48 3.0
8.2 48 3.0
8.3 48 3.0
8.4 48 3.0
8.5 48 3.0
8.6 48 3.0
8.7 48 3.0
8.8 48 3.0
8.9 48 3.0
9 48 3.0
9.1 48 3.0
9.2 48 3.0
9.3 48 3.0
9.4 48 3.0
9.5 48 3.0
9.6 48 3.0
9.7 48 3.0
9.8 48 3.0
9.9 48 3.0
10 48 3.0
10.1 48 3.0
10.2 48 3.0
10.3 48 3.0
10.4 48 3.0
10.5 48 3.0
10.6 48 3.0
10.7 48 3.0
10.8 48 3.0
10.9 48 3.0
11 48 3.0
11.1 48 3.0
11.2 48 3.0
11.3 48 3.0
11.4 48 3.0
11.5 48 3.0
11.6 48 3.0
11.7 48 3.0
11.8 48 3.0
11.9 48 3.0
12 48 3.0
12.1 48 3.0
12.2 48 3.0
12.3 48 3.0
12.4 48 3.0
12.5 48 3.0
12.6 48 3.0
12.7 48 3.0
12.8 48 3.0
12.9 48 3.0
13 48 3.0
13.1 48 3.0
13.2 48 3.0
13.3 48 3.0
13.4 48 3.0
13.5 48 3.0
13.6 48 3.0
13.7 48 3.0
13.8 48 3.0
13.9 48 3.0
14 48 3.0
14.1 48 3.0
14.2 48 3.0
14.3 48 3.0
14.4 48 3.0
14.5 48 3.0
14.6 48 3.0
14.7 48 3.0
14.8 48 3.0
14.9 48 3.0
15 48 3.0
15.1 48 3.0
15.2 48 3.0
15.3 48 3.0
15.4 48 3.0
15.5 48 3.0
15.6 48 3.0
15.7 48 3.0
15.8 48 3.0
15.9 48 3.0
16 48 3.0
16.1 48 3.0
16.2 48 3.0
16.3 48 3.0
16.4 48 3.0
16.5 48 3.0
16.6 48 3.0
16.7 48 3.0
16.8 48 3.0
16.9 48 3.0
17 48 3.0
6 47.9 3.0
6.1 47.9 3.0
6.2 47.9 3.0
6.3 47.9 3.0
6.4 47.9 3.0
6.5 47.9 3.0
6.6 47.9 3.0
6.7 47.9 3.0
6.8 47.9 3.0
6.9 47.9 3.0
7 47.9 3.0
7.1 47.9 3.0
7.2 47.9 3.0
7.3 47.9 3.0
7.4 47.9 3.0
7.5 47.9 3.0
7.6 47.9 3.0
7.7 47.9 3.0
7.8 47.9 3.0
7.9 47.9 3.0
8 47.9 3.0
8.1 47.9 3.0
8.2 47.9 3.0
8.3 47.9 3.0
8.4 47.9 3.0
8.5 47.9 3.0
8.6 47.9 3.0
8.7 47.9 3.0
8.8 47.9 3.0
8.9 47.9 3.0
9 47.9 3.0
9.1 47.9 3.0
9.2 47.9 3.0
9.3 47.9 3.0
9.4 47.9 3.0
9.5 47.9 3.0
9.6 47.9 3.0
9.7 47.9 3.0
9.8 47.9 3.0
9.9 47.9 3.0
10 47.9 3.0
10.1 47.9 3.0
10.2 47.9 3.0
10.3 47.9 3.0
10.4 47.9 3.0
10.5 47.9 3.0
10.6 47.9 3.0
10.7 47.9 3.0
10.8 47.9 3.0
10.9 47.9 3.0
11 47.9 3.0
11.1 47.9 3.0
11.2 47.9 3.0
11.3 47.9 3.0
11.4 47.9 3.0
11.5 47.9 3.0
11.6 47.9 3.0
11.7 47.9 3.0
11.8 47.9 3.0
11.9 47.9 3.0
12 47.9 3.0
12.1 47.9 3.0
12.2 47.9 3.0
12.3 47.9 3.0
12.4 47.9 3.0
12.5 47.9 3.0
12.6 47.9 3.0
12.7 47.9 3.0
12.8 47.9 3.0
12.9 47.9 3.0
13 47.9 3.0
13.1 47.9 3.0
13.2 47.9 3.0
13.3 47.9 3.0
13.4 47.9 3.0
13.5 47.9 3.0
13.6 47.9 3.0
13.7 47.9 3.0
13.8 47.9 3.0
13.9 47.9 3.0
14 47.9 3.0
14.1 47.9 3.0
14.2 47.9 3.0
14.3 47.9 3.0
14.4 47.9 3.0
14.5 47.9 3.0
14.6 47.9 3.0
14.7 47.9 3.0
14.8 47.9 3.0
14.9 47.9 3.0
15 47.9 3.0
15.1 47.9 3.0
15.2 47.9 3.0
15.3 47.9 3.0
15.4 47.9 3.0
15.5 47.9 3.0
15.6 47.9 3.0
15.7 47.9 3.0
15.8 47.9 3.0
15.9 47.9 3.0
16 47.9 3.0
16.1 47.9 3.0
16.2 47.9 3.0
16.3 47.9 3.0
16.4 47.9 3.0
16.5 47.9 3.0
16.6 47.9 3.0
16.7 47.9 3.0
16.8 47.9 3.0
16.9 47.9 3.0
17 47.9 3.0
6 47.8 3.0
6.1 47.8 3.0
6.2 47.8 3.0
6.3 47.8 3.0
6.4 47.8 3.0
6.5 47.8 3.0
6.6 47.8 3.0
6.7 47.8 3.0
6.8 47.8 3.0
6.9 47.8 3.0
7 47.8 3.0
7.1 47.8 3.0
7.2 47.8 3.0
7.3 47.8 3.0
7.4 47.8 3.0
7.5 47.8 3.0
7.6 47.8 3.0
7.7 47.8 3.0
7.8 47.8 3.0
7.9 47.8 3.0
8 47.8 3.0
8.1 47.8 3.0
8.2 47.8 3.0
8.3 47.8 3.0
8.4 47.8 3.0
8.5 47.8 3.0
8.6 47.8 3.0
8.7 47.8 3.0
8.8 47.8 3.0
8.9 47.8 3.0
9 47.8 3.0
9.1 47.8 3.0
9.2 47.8 3.0
9.3 47.8 3.0
9.4 47.8 3.0
9.5 47.8 3.0
9.6 47.8 3.0
9.7 47.8 3.0
9.8 47.8 3.0
9.9 47.8 3.0
10 47.8 3.0
10.1 47.8 3.0
10.2 47.8 3.0
10.3 47.8 3.0
10.4 47.8 3.0
10.5 47.8 3.0
10.6 47.8 3.0
10.7 47.8 3.0
10.8 47.8 3.0
10.9 47.8 3.0
11 47.8 3.0
11.1 47.8 3.0
11.2 47.8 3.0
11.3 47.8 3.0
11.4 47.8 3.0
11.5 47.8 3.0
11.6 47.8 3.0
11.7 47.8 3.0
11.8 47.8 3.0
11.9 47.8 3.0
12 47.8 3.0
12.1 47.8 3.0
12.2 47.8 3.0
12.3 47.8 3.0
12.4 47.8 3.0
12.5 47.8 3.0
12.6 47.8 3.0
12.7 47.8 3.0
12.8 47.8 3.0
12.9 47.8 3.0
13 47.8 3.0
13.1 47.8 3.0
13.2 47.8 3.0
13.3 47.8 3.0
13.4 47.8 3.0
13.5 47.8 3.0
13.6 47.8 3.0
13.7 47.8 3.0
13.8 47.8 3.0
13.9 47.8 3.0
14 47.8 3.0
14.1 47.8 3.0
14.2 47.8 3.0
14.3 47.8 3.0
14.4 47.8 3.0
14.5 47.8 3.0
14.6 47.8 3.0
14.7 47.8 3.0
14.8 47.8 3.0
14.9 47.8 3.0
15 47.8 3.0
15.1 47.8 3.0
15.2 47.8 3.0
15.3 47.8 3.0
15.4 47.8 3.0
15.5 47.8 3.0
15.6 47.8 3.0
15.7 47.8 3.0
15.8 47.8 3.0
15.9 47.8 3.0
16 47.8 3.0
16.1 47.8 3.0
16.2 47.8 3.0
16.3 47.8 3.0
16.4 47.8 3.0
16.5 47.8 3.0
16.6 47.8 3.0
16.7 47.8 3.0
16.8 47.8 3.0
16.9 47.8 3.0
17 47.8 3.0
6 47.7 3.0
6.1 47.7 3.0
6.2 47.7 3.0
6.3 47.7 3.0
6.4 47.7 3.0
6.5 47.7 3.0
6.6 47.7 3.0
6.7 47.7 3.0
6.8 47.7 3.0
6.9 47.7 3.0
7 47.7 3.0
7.1 47.7 3.0
7.2 47.7 3.0
7.3 47.7 3.0
7.4 47.7 3.0
7.5 47.7 3.0
7.6 47.7 3.0
7.7 47.7 3.0
7.8 47.7 3.0
7.9 47.7 3.0
8 47.7 3.0
8.1 47.7 3.0
8.2 47.7 3.0
8.3 47.7 3.0
8.4 47.7 3.0
8.5 47.7 3.0
8.6 47.7 3.0
8.7 47.7 3.0
8.8 47.7 3.0
8.9 47.7 3.0
9 47.7 3.0
9.1 47.7 3.0
9.2 47.7 3.0
9.3 47.7 3.0
9.4 47.7 3.0
9.5 47.7 3.0
9.6 47.7 3.0
9.7 47.7 3.0
9.8 47.7 3.0
9.9 47.7 3.0
10 47.7 3.0
10.1 47.7 3.0
10.2 47.7 3.0
10.3 47.7 3.0
10.4 47.7 3.0
10.5 47.7 3.0
10.6 47.7 3.0
10.7 47.7 3.0
10.8 47.7 3.0
10.9 47.7 3.0
11 47.7 3.0
11.1 47.7 3.0
11.2 47.7 3.0
11.3 47.7 3.0
11.4 47.7 3.0
11.5 47.7 3.0
11.6 47.7 3.0
11.7 47.7 3.0
11.8 47.7 3.0
11.9 47.7 3.0
12 47.7 3.0
12.1 47.7 3.0
12.2 47.7 3.0
12.3 47.7 3.0
12.4 47.7 3.0
12.5 47.7 3.0
12.6 47.7 3.0
12.7 47.7 3.0
12.8 47.7 3.0
12.9 47.7 3.0
13 47.7 3.0
13.1 47.7 3.0
13.2 47.7 3.0
13.3 47.7 3.0
13.4 47.7 3.0
13.5 47.7 3.0
13.6 47.7 3.0
13.7 47.7 3.0
13.8 47.7 3.0
13.9 47.7 3.0
14 47.7 3.0
14.1 47.7 3.0
14.2 47.7 3.0
14.3 47.7 3.0
14.4 47.7 3.0
14.5 47.7 3.0
14.6 47.7 3.0
14.7 47.7 3.0
14.8 47.7 3.0
14.9 47.7 3.0
15 47.7 3.0
15.1 47.7 3.0
15.2 47.7 3.0
15.3 47.7 3.0
15.4 47.7 3.0
15.5 47.7 3.0
15.6 47.7 3.0
15.7 47.7 3.0
15.8 47.7 3.0
15.9 47.7 3.0
16 47.7 3.0
16.1 47.7 3.0
16.2 47.7 3.0
16.3 47.7 3.0
16.4 47.7 3.0
16.5 47.7 3.0
16.6 47.7 3.0
16.7 47.7 3.0
16.8 47.7 3.0
16.9 47.7 3.0
17 47.7 3.0
6 47.6 3.0
6.1 47.6 3.0
6.2 47.6 3.0
6.3 47.6 3.0
6.4 47.6 3.0
6.5 47.6 3.0
6.6 47.6 3.0
6.7 47.6 3.0
6.8 47.6 3.0
6.9 47.6 3.0
7 47.6 3.0
7.1 47.6 3.0
7.2 47.6 3.0
7.3 47.6 3.0
7.4 47.6 3.0
7.5 47.6 3.0
7.6 47.6 3.0
7.7 47.6 3.0
7.8 47.6 3.0
7.9 47.6 3.0
8 47.6 3.0
8.1 47.6 3.0
8.2 47.6 3.0
8.3 47.6 3.0
8.4 47.6 3.0
8.5 47.6 3.0
8.6 47.6 3.0
8.7 47.6 3.0
8.8 47.6 3.0
8.9 47.6 3.0
9 47.6 3.0
9.1 47.6 3.0
9.2 47.6 3.0
9.3 47.6 3.0
9.4 47.6 3.0
9.5 47.6 3.0
9.6 47.6 3.0
9.7 47.6 3.0
9.8 47.6 3.0
9.9 47.6 3.0
10 47.6 3.0
10.1 47.6 3.0
10.2 47.6 3.0
10.3 47.6 3.0
10.4 47.6 3.0
10.5 47.6 3.0
10.6 47.6 3.0
10.7 47.6 3.0
10.8 47.6 3.0
10.9 47.6 3.0
11 47.6 3.0
11.1 47.6 3.0
11.2 47.6 3.0
11.3 47.6 3.0
11.4 47.6 3.0
11.5 47.6 3.0
11.6 47.6 3.0
11.7 47.6 3.0
11.8 47.6 3.0
11.9 47.6 3.0
12 47.6 3.0
12.1 47.6 3.0
12.2 47.6 3.0
12.3 47.6 3.0
12.4 47.6 3.0
12.5 47.6 3.0
12.6 47.6 3.0
12.7 47.6 3.0
12.8 47.6 3.0
12.9 47.6 3.0
13 47.6 3.0
13.1 47.6 3.0
13.2 47.6 3.0
13.3 47.6 3.0
13.4 47.6 3.0
13.5 47.6 3.0
13.6 47.6 3.0
13.7 47.6 3.0
13.8 47.6 3.0
13.9 47.6 3.0
14 47.6 3.0
14.1 47.6 3.0
14.2 47.6 3.0
14.3 47.6 3.0
14.4 47.6 3.0
14.5 47.6 3.0
14.6 47.6 3.0
14.7 47.6 3.0
14.8 47.6 3.0
14.9 47.6 3.0
15 47.6 3.0
15.1 47.6 3.0
15.2 47.6 3.0
15.3 47.6 3.0
15.4 47.6 3.0
15.5 47.6 3.0
15.6 47.6 3.0
15.7 47.6 3.0
15.8 47.6 3.0
15.9 47.6 3.0
16 47.6 3.0
16.1 47.6 3.0
16.2 47.6 3.0
16.3 47.6 3.0
16.4 47.6 3.0
16.5 47.6 3.0
16.6 47.6 3.0
16.7 47.6 3.0
16.8 47.6 3.0
16.9 47.6 3.0
17 47.6 3.0
6 47.5 3.0
6.1 47.5 3.0
6.2 47.5 3.0
6.3 47.5 3.0
6.4 47.5 3.0
6.5 47.5 3.0
6.6 47.5 3.0
6.7 47.5 3.0
6.8 47.5 3.0
6.9 47.5 3.0
7 47.5 3.0
7.1 47.5 3.0
7.2 47.5 3.0
7.3 47.5 3.0
7.4 47.5 3.0
7.5 47.5 3.0
7.6 47.5 3.0
7.7 47.5 3.0
7.8 47.5 3.0
7.9 47.5 3.0
8 47.5 3.0
8.1 47.5 3.0
8.2 47.5 3.0
8.3 47.5 3.0
8.4 47.5 3.0
8.5 47.5 3.0
8.6 47.5 3.0
8.7 47.5 3.0
8.8 47.5 3.0
8.9 47.5 3.0
9 47.5 3.0
9.1 47.5 3.0
9.2 47.5 3.0
9.3 47.5 3.0
9.4 47.5 3.0
9.5 47.5 3.0
9.6 47.5 3.0
9.7 47.5 3.0
9.8 47.5 3.0
9.9 47.5 3.0
10 47.5 3.0
10.1 47.5 3.0
10.2 47.5 3.0
10.3 47.5 3.0
10.4 47.5 3.0
10.5 47.5 3.0
10.6 47.5 3.0
10.7 47.5 3.0
10.8 47.5 3.0
10.9 47.5 3.0
11 47.5 3.0
11.1 47.5 3.0
11.2 47.5 3.0
11.3 47.5 3.0
11.4 47.5 3.0
11.5 47.5 3.0
11.6 47.5 3.0
11.7 47.5 3.0
11.8 47.5 3.0
11.9 47.5 3.0
12 47.5 3.0
12.1 47.5 3.0
12.2 47.5 3.0
12.3 47.5 3.0
12.4 47.5 3.0
12.5 47.5 3.0
12.6 47.5 3.0
12.7 47.5 3.0
12.8 47.5 3.0
12.9 47.5 3.0
13 47.5 3.0
13.1 47.5 3.0
13.2 47.5 3.0
13.3 47.5 3.0
13.4 47.5 3.0
13.5 47.5 3.0
13.6 47.5 3.0
13.7 47.5 3.0
13.8 47.5 3.0
13.9 47.5 3.0
14 47.5 3.0
14.1 47.5 3.0
14.2 47.5 3.0
14.3 47.5 3.0
14.4 47.5 3.0
14.5 47.5 3.0
14.6 47.5 3.0
14.7 47.5 3.0
14.8 47.5 3.0
14.9 47.5 3.0
15 47.5 3.0
15.1 47.5 3.0
15.2 47.5 3.0
15.3 47.5 3.0
15.4 47.5 3.0
15.5 47.5 3.0
15.6 47.5 3.0
15.7 47.5 3.0
15.8 47.5 3.0
15.9 47.5 3.0
16 47.5 3.0
16.1 47.5 3.0
16.2 47.5 3.0
16.3 47.5 3.0
16.4 47.5 3.0
16.5 47.5 3.0
16.6 47.5 3.0
16.7 47.5 3.0
16.8 47.5 3.0
16.9 47.5 3.0
17 47.5 3.0
6 47.4 3.0
6.1 47.4 3.0
6.2 47.4 3.0
6.3 47.4 3.0
6.4 47.4 3.0
6.5 47.4 3.0
6.6 47.4 3.0
6.7 47.4 3.0
6.8 47.4 3.0
6.9 47.4 3.0
7 47.4 3.0
7.1 47.4 3.0
7.2 47.4 3.0
7.3 47.4 3.0
7.4 47.4 3.0
7.5 47.4 3.0
7.6 47.4 3.0
7.7 47.4 3.0
7.8 47.4 3.0
7.9 47.4 3.0
8 47.4 3.0
8.1 47.4 3.0
8.2 47.4 3.0
8.3 47.4 3.0
8.4 47.4 3.0
8.5 47.4 3.0
8.6 47.4 3.0
8.7 47.4 3.0
8.8 47.4 3.0
8.9 47.4 3.0
9 47.4 3.0
9.1 47.4 3.0
9.2 47.4 3.0
9.3 47.4 3.0
9.4 47.4 3.0
9.5 47.4 3.0
9.6 47.4 3.0
9.7 47.4 3.0
9.8 47.4 3.0
9.9 47.4 3.0
10 47.4 3.0
10.1 47.4 3.0
10.2 47.4 3.0
10.3 47.4 3.0
10.4 47.4 3.0
10.5 47.4 3.0
10.6 47.4 3.0
10.7 47.4 3.0
10.8 47.4 3.0
10.9 47.4 3.0
11 47.4 3.0
11.1 47.4 3.0
11.2 47.4 3.0
11.3 47.4 3.0
11.4 47.4 3.0
11.5 47.4 3.0
11.6 47.4 3.0
11.7 47.4 3.0
11.8 47.4 3.0
11.9 47.4 3.0
12 47.4 3.0
12.1 47.4 3.0
12.2 47.4 3.0
12.3 47.4 3.0
12.4 47.4 3.0
12.5 47.4 3.0
12.6 47.4 3.0
12.7 47.4 3.0
12.8 47.4 3.0
12.9 47.4 3.0
13 47.4 3.0
13.1 47.4 3.0
13.2 47.4 3.0
13.3 47.4 3.0
13.4 47.4 3.0
13.5 47.4 3.0
13.6 47.4 3.0
13.7 47.4 3.0
13.8 47.4 3.0
13.9 47.4 3.0
14 47.4 3.0
14.1 47.4 3.0
14.2 47.4 3.0
14.3 47.4 3.0
14.4 47.4 3.0
14.5 47.4 3.0
14.6 47.4 3.0
14.7 47.4 3.0
14.8 47.4 3.0
14.9 47.4 3.0
15 47.4 3.0
15.1 47.4 3.0
15.2 47.4 3.0
15.3 47.4 3.0
15.4 47.4 3.0
15.5 47.4 3.0
15.6 47.4 3.0
15.7 47.4 3.0
15.8 47.4 3.0
15.9 47.4 3.0
16 47.4 3.0
16.1 47.4 3.0
16.2 47.4 3.0
16.3 47.4 3.0
16.4 47.4 3.0
16.5 47.4 3.0
16.6 47.4 3.0
16.7 47.4 3.0
16.8 47.4 3.0
16.9 47.4 3.0
17 47.4 3.0
6 47.3 3.0
6.1 47.3 3.0
6.2 47.3 3.0
6.3 47.3 3.0
6.4 47.3 3.0
6.5 47.3 3.0
6.6 47.3 3.0
6.7 47.3 3.0
6.8 47.3 3.0
6.9 47.3 3.0
7 47.3 3.0
7.1 47.3 3.0
7.2 47.3 3.0
7.3 47.3 3.0
7.4 47.3 3.0
7.5 47.3 3.0
7.6 47.3 3.0
7.7 47.3 3.0
7.8 47.3 3.0
7.9 47.3 3.0
8 47.3 3.0
8.1 47.3 3.0
8.2 47.3 3.0
8.3 47.3 3.0
8.4 47.3 3.0
8.5 47.3 3.0
8.6 47.3 3.0
8.7 47.3 3.0
8.8 47.3 3.0
8.9 47.3 3.0
9 47.3 3.0
9.1 47.3 3.0
9.2 47.3 3.0
9.3 47.3 3.0
9.4 47.3 3.0
9.5 47.3 3.0
9.6 47.3 3.0
9.7 47.3 3.0
9.8 47.3 3.0
9.9 47.3 3.0
10 47.3 3.0
10.1 47.3 3.0
10.2 47.3 3.0
10.3 47.3 3.0
10.4 47.3 3.0
10.5 47.3 3.0
10.6 47.3 3.0
10.7 47.3 3.0
10.8 47.3 3.0
10.9 47.3 3.0
11 47.3 3.0
11.1 47.3 3.0
11.2 47.3 3.0
11.3 47.3 3.0
11.4 47.3 3.0
11.5 47.3 3.0
11.6 47.3 3.0
11.7 47.3 3.0
11.8 47.3 3.0
11.9 47.3 3.0
12 47.3 3.0
12.1 47.3 3.0
12.2 47.3 3.0
12.3 47.3 3.0
12.4 47.3 3.0
12.5 47.3 3.0
12.6 47.3 3.0
12.7 47.3 3.0
12.8 47.3 3.0
12.9 47.3 3.0
13 47.3 3.0
13.1 47.3 3.0
13.2 47.3 3.0
13.3 47.3 3.0
13.4 47.3 3.0
13.5 47.3 3.0
13.6 47.3 3.0
13.7 47.3 3.0
13.8 47.3 3.0
13.9 47.3 3.0
14 47.3 3.0
14.1 47.3 3.0
14.2 47.3 3.0
14.3 47.3 3.0
14.4 47.3 3.0
14.5 47.3 3.0
14.6 47.3 3.0
14.7 47.3 3.0
14.8 47.3 3.0
14.9 47.3 3.0
15 47.3 3.0
15.1 47.3 3.0
15.2 47.3 3.0
15.3 47.3 3.0
15.4 47.3 3.0
15.5 47.3 3.0
15.6 47.3 3.0
15.7 47.3 3.0
15.8 47.3 3.0
15.9 47.3 3.0
16 47.3 3.0
16.1 47.3 3.0
16.2 47.3 3.0
16.3 47.3 3.0
16.4 47.3 3.0
16.5 47.3 3.0
16.6 47.3 3.0
16.7 47.3 3.0
16.8 47.3 3.0
16.9 47.3 3.0
17 47.3 3.0
6 47.2 3.0
6.1 47.2 3.0
6.2 47.2 3.0
6.3 47.2 3.0
6.4 47.2 3.0
6.5 47.2 3.0
6.6 47.2 3.0
6.7 47.2 3.0
6.8 47.2 3.0
6.9 47.2 3.0
7 47.2 3.0
7.1 47.2 3.0
7.2 47.2 3.0
7.3 47.2 3.0
7.4 47.2 3.0
7.5 47.2 3.0
7.6 47.2 3.0
7.7 47.2 3.0
7.8 47.2 3.0
7.9 47.2 3.0
8 47.2 3.0
8.1 47.2 3.0
8.2 47.2 3.0
8.3 47.2 3.0
8.4 47.2 3.0
8.5 47.2 3.0
8.6 47.2 3.0
8.7 47.2 3.0
8.8 47.2 3.0
8.9 47.2 3.0
9 47.2 3.0
9.1 47.2 3.0
9.2 47.2 3.0
9.3 47.2 3.0
9.4 47.2 3.0
9.5 47.2 3.0
9.6 47.2 3.0
9.7 47.2 3.0
9.8 47.2 3.0
9.9 47.2 3.0
10 47.2 3.0
10.1 47.2 3.0
10.2 47.2 3.0
10.3 47.2 3.0
10.4 47.2 3.0
10.5 47.2 3.0
10.6 47.2 3.0
10.7 47.2 3.0
10.8 47.2 3.0
10.9 47.2 3.0
11 47.2 3.0
11.1 47.2 3.0
11.2 47.2 3.0
11.3 47.2 3.0
11.4 47.2 3.0
11.5 47.2 3.0
11.6 47.2 3.0
11.7 47.2 3.0
11.8 47.2 3.0
11.9 47.2 3.0
12 47.2 3.0
12.1 47.2 3.0
12.2 47.2 3.0
12.3 47.2 3.0
12.4 47.2 3.0
12.5 47.2 3.0
12.6 47.2 3.0
12.7 47.2 3.0
12.8 47.2 3.0
12.9 47.2 3.0
13 47.2 3.0
13.1 47.2 3.0
13.2 47.2 3.0
13.3 47.2 3.0
13.4 47.2 3.0
13.5 47.2 3.0
13.6 47.2 3.0
13.7 47.2 3.0
13.8 47.2 3.0
13.9 47.2 3.0
14 47.2 3.0
14.1 47.2 3.0
14.2 47.2 3.0
14.3 47.2 3.0
14.4 47.2 3.0
14.5 47.2 3.0
14.6 47.2 3.0
14.7 47.2 3.0
14.8 47.2 3.0
14.9 47.2 3.0
15 47.2 3.0
15.1 47.2 3.0
15.2 47.2 3.0
15.3 47.2 3.0
15.4 47.2 3.0
15.5 47.2 3.0
15.6 47.2 3.0
15.7 47.2 3.0
15.8 47.2 3.0
15.9 47.2 3.0
16 47.2 3.0
16.1 47.2 3.0
16.2 47.2 3.0
16.3 47.2 3.0
16.4 47.2 3.0
16.5 47.2 3.0
16.6 47.2 3.0
16.7 47.2 3.0
16.8 47.2 3.0
16.9 47.2 3.0
17 47.2 3.0
6 47.1 3.0
6.1 47.1 3.0
6.2 47.1 3.0
6.3 47.1 3.0
6.4 47.1 3.0
6.5 47.1 3.0
6.6 47.1 3.0
6.7 47.1 3.0
6.8 47.1 3.0
6.9 47.1 3.0
7 47.1 3.0
7.1 47.1 3.0
7.2 47.1 3.0
7.3 47.1 3.0
7.4 47.1 3.0
7.5 47.1 3.0
7.6 47.1 3.0
7.7 47.1 3.0
7.8 47.1 3.0
7.9 47.1 3.0
8 47.1 3.0
8.1 47.1 3.0
8.2 47.1 3.0
8.3 47.1 3.0
8.4 47.1 3.0
8.5 47.1 3.0
8.6 47.1 3.0
8.7 47.1 3.0
8.8 47.1 3.0
8.9 47.1 3.0
9 47.1 3.0
9.1 47.1 3.0
9.2 47.1 3.0
9.3 47.1 3.0
9.4 47.1 3.0
9.5 47.1 3.0
9.6 47.1 3.0
9.7 47.1 3.0
9.8 47.1 3.0
9.9 47.1 3.0
10 47.1 3.0
10.1 47.1 3.0
10.2 47.1 3.0
10.3 47.1 3.0
10.4 47.1 3.0
10.5 47.1 3.0
10.6 47.1 3.0
10.7 47.1 3.0
10.8 47.1 3.0
10.9 47.1 3.0
11 47.1 3.0
11.1 47.1 3.0
11.2 47.1 3.0
11.3 47.1 3.0
11.4 47.1 3.0
11.5 47.1 3.0
11.6 47.1 3.0
11.7 47.1 3.0
11.8 47.1 3.0
11.9 47.1 3.0
12 47.1 3.0
12.1 47.1 3.0
12.2 47.1 3.0
12.3 47.1 3.0
12.4 47.1 3.0
12.5 47.1 3.0
12.6 47.1 3.0
12.7 47.1 3.0
12.8 47.1 3.0
12.9 47.1 3.0
13 47.1 3.0
13.1 47.1 3.0
13.2 47.1 3.0
13.3 47.1 3.0
13.4 47.1 3.0
13.5 47.1 3.0
13.6 47.1 3.0
13.7 47.1 3.0
13.8 47.1 3.0
13.9 47.1 3.0
14 47.1 3.0
14.1 47.1 3.0
14.2 47.1 3.0
14.3 47.1 3.0
14.4 47.1 3.0
14.5 47.1 3.0
14.6 47.1 3.0
14.7 47.1 3.0
14.8 47.1 3.0
14.9 47.1 3.0
15 47.1 3.0
15.1 47.1 3.0
15.2 47.1 3.0
15.3 47.1 3.0
15.4 47.1 3.0
15.5 47.1 3.0
15.6 47.1 3.0
15.7 47.1 3.0
15.8 47.1 3.0
15.9 47.1 3.0
16 47.1 3.0
16.1 47.1 3.0
16.2 47.1 3.0
16.3 47.1 3.0
16.4 47.1 3.0
16.5 47.1 3.0
16.6 47.1 3.0
16.7 47.1 3.0
16.8 47.1 3.0
16.9 47.1 3.0
17 47.1 3.0
6 47 3.0
6.1 47 3.0
6.2 47 3.0
6.3 47 3.0
6.4 47 3.0
6.5 47 3.0
6.6 47 3.0
6.7 47 3.0
6.8 47 3.0
6.9 47 3.0
7 47 3.0
7.1 47 3.0
7.2 47 3.0
7.3 47 3.0
7.4 47 3.0
7.5 47 3.0
7.6 47 3.0
7.7 47 3.0
7.8 47 3.0
7.9 47 3.0
8 47 3.0
8.1 47 3.0
8.2 47 3.0
8.3 47 3.0
8.4 47 3.0
8.5 47 3.0
8.6 47 3.0
8.7 47 3.0
8.8 47 3.0
8.9 47 3.0
9 47 3.0
9.1 47 3.0
9.2 47 3.0
9.3 47 3.0
9.4 47 3.0
9.5 47 3.0
9.6 47 3.0
9.7 47 3.0
9.8 47 3.0
9.9 47 3.0
10 47 3.0
10.1 47 3.0
10.2 47 3.0
10.3 47 3.0
10.4 47 3.0
10.5 47 3.0
10.6 47 3.0
10.7 47 3.0
10.8 47 3.0
10.9 47 3.0
11 47 3.0
11.1 47 3.0
11.2 47 3.0
11.3 47 3.0
11.4 47 3.0
11.5 47 3.0
11.6 47 3.0
11.7 47 3.0
11.8 47 3.0
11.9 47 3.0
12 47 3.0
12.1 47 3.0
12.2 47 3.0
12.3 47 3.0
12.4 47 3.0
12.5 47 3.0
12.6 47 3.0
12.7 47 3.0
12.8 47 3.0
12.9 47 3.0
13 47 3.0
13.1 47 3.0
13.2 47 3.0
13.3 47 3.0
13.4 47 3.0
13.5 47 3.0
13.6 47 3.0
13.7 47 3.0
13.8 47 3.0
13.9 47 3.0
14 47 3.0
14.1 47 3.0
14.2 47 3.0
14.3 47 3.0
14.4 47 3.0
14.5 47 3.0
14.6 47 3.0
14.7 47 3.0
14.8 47 3.0
14.9 47 3.0
15 47 3.0
15.1 47 3.0
15.2 47 3.0
15.3 47 3.0
15.4 47 3.0
15.5 47 3.0
15.6 47 3.0
15.7 47 3.0
15.8 47 3.0
15.9 47 3.0
16 47 3.0
16.1 47 3.0
16.2 47 3.0
16.3 47 3.0
16.4 47 3.0
16.5 47 3.0
16.6 47 3.0
16.7 47 3.0
16.8 47 3.0
16.9 47 3.0
17 47 3.0
6 46.9 3.0
6.1 46.9 3.0
6.2 46.9 3.0
6.3 46.9 3.0
6.4 46.9 3.0
6.5 46.9 3.0
6.6 46.9 3.0
6.7 46.9 3.0
6.8 46.9 3.0
6.9 46.9 3.0
7 46.9 3.0
7.1 46.9 3.0
7.2 46.9 3.0
7.3 46.9 3.0
7.4 46.9 3.0
7.5 46.9 3.0
7.6 46.9 3.0
7.7 46.9 3.0
7.8 46.9 3.0
7.9 46.9 3.0
8 46.9 3.0
8.1 46.9 3.0
8.2 46.9 3.0
8.3 46.9 3.0
8.4 46.9 3.0
8.5 46.9 3.0
8.6 46.9 3.0
8.7 46.9 3.0
8.8 46.9 3.0
8.9 46.9 3.0
9 46.9 3.0
9.1 46.9 3.0
9.2 46.9 3.0
9.3 46.9 3.0
9.4 46.9 3.0
9.5 46.9 3.0
9.6 46.9 3.0
9.7 46.9 3.0
9.8 46.9 3.0
9.9 46.9 3.0
10 46.9 3.0
10.1 46.9 3.0
10.2 46.9 3.0
10.3 46.9 3.0
10.4 46.9 3.0
10.5 46.9 3.0
10.6 46.9 3.0
10.7 46.9 3.0
10.8 46.9 3.0
10.9 46.9 3.0
11 46.9 3.0
11.1 46.9 3.0
11.2 46.9 3.0
11.3 46.9 3.0
11.4 46.9 3.0
11.5 46.9 3.0
11.6 46.9 3.0
11.7 46.9 3.0
11.8 46.9 3.0
11.9 46.9 3.0
12 46.9 3.0
12.1 46.9 3.0
12.2 46.9 3.0
12.3 46.9 3.0
12.4 46.9 3.0
12.5 46.9 3.0
12.6 46.9 3.0
12.7 46.9 3.0
12.8 46.9 3.0
12.9 46.9 3.0
13 46.9 3.0
13.1 46.9 3.0
13.2 46.9 3.0
13.3 46.9 3.0
13.4 46.9 3.0
13.5 46.9 3.0
13.6 46.9 3.0
13.7 46.9 3.0
13.8 46.9 3.0
13.9 46.9 3.0
14 46.9 3.0
14.1 46.9 3.0
14.2 46.9 3.0
14.3 46.9 3.0
14.4 46.9 3.0
14.5 46.9 3.0
14.6 46.9 3.0
14.7 46.9 3.0
14.8 46.9 3.0
14.9 46.9 3.0
15 46.9 3.0
15.1 46.9 3.0
15.2 46.9 3.0
15.3 46.9 3.0
15.4 46.9 3.0
15.5 46.9 3.0
15.6 46.9 3.0
15.7 46.9 3.0
15.8 46.9 3.0
15.9 46.9 3.0
16 46.9 3.0
16.1 46.9 3.0
16.2 46.9 3.0
16.3 46.9 3.0
16.4 46.9 3.0
16.5 46.9 3.0
16.6 46.9 3.0
16.7 46.9 3.0
16.8 46.9 3.0
16.9 46.9 3.0
17 46.9 3.0
6 46.8 3.0
6.1 46.8 3.0
6.2 46.8 3.0
6.3 46.8 3.0
6.4 46.8 3.0
6.5 46.8 3.0
6.6 46.8 3.0
6.7 46.8 3.0
6.8 46.8 3.0
6.9 46.8 3.0
7 46.8 3.0
7.1 46.8 3.0
7.2 46.8 3.0
7.3 46.8 3.0
7.4 46.8 3.0
7.5 46.8 3.0
7.6 46.8 3.0
7.7 46.8 3.0
7.8 46.8 3.0
7.9 46.8 3.0
8 46.8 3.0
8.1 46.8 3.0
8.2 46.8 3.0
8.3 46.8 3.0
8.4 46.8 3.0
8.5 46.8 3.0
8.6 46.8 3.0
8.7 46.8 3.0
8.8 46.8 3.0
8.9 46.8 3.0
9 46.8 3.0
9.1 46.8 3.0
9.2 46.8 3.0
9.3 46.8 3.0
9.4 46.8 3.0
9.5 46.8 3.0
9.6 46.8 3.0
9.7 46.8 3.0
9.8 46.8 3.0
9.9 46.8 3.0
10 46.8 3.0
10.1 46.8 3.0
10.2 46.8 3.0
10.3 46.8 3.0
10.4 46.8 3.0
10.5 46.8 3.0
10.6 46.8 3.0
10.7 46.8 3.0
10.8 46.8 3.0
10.9 46.8 3.0
11 46.8 3.0
11.1 46.8 3.0
11.2 46.8 3.0
11.3 46.8 3.0
11.4 46.8 3.0
11.5 46.8 3.0
11.6 46.8 3.0
11.7 46.8 3.0
11.8 46.8 3.0
11.9 46.8 3.0
12 46.8 3.0
12.1 46.8 3.0
12.2 46.8 3.0
12.3 46.8 3.0
12.4 46.8 3.0
12.5 46.8 3.0
12.6 46.8 3.0
12.7 46.8 3.0
12.8 46.8 3.0
12.9 46.8 3.0
13 46.8 3.0
13.1 46.8 3.0
13.2 46.8 3.0
13.3 46.8 3.0
13.4 46.8 3.0
13.5 46.8 3.0
13.6 46.8 3.0
13.7 46.8 3.0
13.8 46.8 3.0
13.9 46.8 3.0
14 46.8 3.0
14.1 46.8 3.0
14.2 46.8 3.0
14.3 46.8 3.0
14.4 46.8 3.0
14.5 46.8 3.0
14.6 46.8 3.0
14.7 46.8 3.0
14.8 46.8 3.0
14.9 46.8 3.0
15 46.8 3.0
15.1 46.8 3.0
15.2 46.8 3.0
15.3 46.8 3.0
15.4 46.8 3.0
15.5 46.8 3.0
15.6 46.8 3.0
15.7 46.8 3.0
15.8 46.8 3.0
15.9 46.8 3.0
16 46.8 3.0
16.1 46.8 3.0
16.2 46.8 3.0
16.3 46.8 3.0
16.4 46.8 3.0
16.5 46.8 3.0
16.6 46.8 3.0
16.7 46.8 3.0
16.8 46.8 3.0
16.9 46.8 3.0
17 46.8 3.0
6 46.7 3.0
6.1 46.7 3.0
6.2 46.7 3.0
6.3 46.7 3.0
6.4 46.7 3.0
6.5 46.7 3.0
6.6 46.7 3.0
6.7 46.7 3.0
6.8 46.7 3.0
6.9 46.7 3.0
7 46.7 3.0
7.1 46.7 3.0
7.2 46.7 3.0
7.3 46.7 3.0
7.4 46.7 3.0
7.5 46.7 3.0
7.6 46.7 3.0
7.7 46.7 3.0
7.8 46.7 3.0
7.9 46.7 3.0
8 46.7 3.0
8.1 46.7 3.0
8.2 46.7 3.0
8.3 46.7 3.0
8.4 46.7 3.0
8.5 46.7 3.0
8.6 46.7 3.0
8.7 46.7 3.0
8.8 46.7 3.0
8.9 46.7 3.0
9 46.7 3.0
9.1 46.7 3.0
9.2 46.7 3.0
9.3 46.7 3.0
9.4 46.7 3.0
9.5 46.7 3.0
9.6 46.7 3.0
9.7 46.7 3.0
9.8 46.7 3.0
9.9 46.7 3.0
10 46.7 3.0
10.1 46.7 3.0
10.2 46.7 3.0
10.3 46.7 3.0
10.4 46.7 3.0
10.5 46.7 3.0
10.6 46.7 3.0
10.7 46.7 3.0
10.8 46.7 3.0
10.9 46.7 3.0
11 46.7 3.0
11.1 46.7 3.0
11.2 46.7 3.0
11.3 46.7 3.0
11.4 46.7 3.0
11.5 46.7 3.0
11.6 46.7 3.0
11.7 46.7 3.0
11.8 46.7 3.0
11.9 46.7 3.0
12 46.7 3.0
12.1 46.7 3.0
12.2 46.7 3.0
12.3 46.7 3.0
12.4 46.7 3.0
12.5 46.7 3.0
12.6 46.7 3.0
12.7 46.7 3.0
12.8 46.7 3.0
12.9 46.7 3.0
13 46.7 3.0
13.1 46.7 3.0
13.2 46.7 3.0
13.3 46.7 3.0
13.4 46.7 3.0
13.5 46.7 3.0
13.6 46.7 3.0
13.7 46.7 3.0
13.8 46.7 3.0
13.9 46.7 3.0
14 46.7 3.0
14.1 46.7 3.0
14.2 46.7 3.0
14.3 46.7 3.0
14.4 46.7 3.0
14.5 46.7 3.0
14.6 46.7 3.0
14.7 46.7 3.0
14.8 46.7 3.0
14.9 46.7 3.0
15 46.7 3.0
15.1 46.7 3.0
15.2 46.7 3.0
15.3 46.7 3.0
15.4 46.7 3.0
15.5 46.7 3.0
15.6 46.7 3.0
15.7 46.7 3.0
15.8 46.7 3.0
15.9 46.7 3.0
16 46.7 3.0
16.1 46.7 3.0
16.2 46.7 3.0
16.3 46.7 3.0
16.4 46.7 3.0
16.5 46.7 3.0
16.6 46.7 3.0
16.7 46.7 3.0
16.8 46.7 3.0
16.9 46.7 3.0
17 46.7 3.0
6 46.6 3.0
6.1 46.6 3.0
6.2 46.6 3.0
6.3 46.6 3.0
6.4 46.6 3.0
6.5 46.6 3.0
6.6 46.6 3.0
6.7 46.6 3.0
6.8 46.6 3.0
6.9 46.6 3.0
7 46.6 3.0
7.1 46.6 3.0
7.2 46.6 3.0
7.3 46.6 3.0
7.4 46.6 3.0
7.5 46.6 3.0
7.6 46.6 3.0
7.7 46.6 3.0
7.8 46.6 3.0
7.9 46.6 3.0
8 46.6 3.0
8.1 46.6 3.0
8.2 46.6 3.0
8.3 46.6 3.0
8.4 46.6 3.0
8.5 46.6 3.0
8.6 46.6 3.0
8.7 46.6 3.0
8.8 46.6 3.0
8.9 46.6 3.0
9 46.6 3.0
9.1 46.6 3.0
9.2 46.6 3.0
9.3 46.6 3.0
9.4 46.6 3.0
9.5 46.6 3.0
9.6 46.6 3.0
9.7 46.6 3.0
9.8 46.6 3.0
9.9 46.6 3.0
10 46.6 3.0
10.1 46.6 3.0
10.2 46.6 3.0
10.3 46.6 3.0
10.4 46.6 3.0
10.5 46.6 3.0
10.6 46.6 3.0
10.7 46.6 3.0
10.8 46.6 3.0
10.9 46.6 3.0
11 46.6 3.0
11.1 46.6 3.0
11.2 46.6 3.0
11.3 46.6 3.0
11.4 46.6 3.0
11.5 46.6 3.0
11.6 46.6 3.0
11.7 46.6 3.0
11.8 46.6 3.0
11.9 46.6 3.0
12 46.6 3.0
12.1 46.6 3.0
12.2 46.6 3.0
12.3 46.6 3.0
12.4 46.6 3.0
12.5 46.6 3.0
12.6 46.6 3.0
12.7 46.6 3.0
12.8 46.6 3.0
12.9 46.6 3.0
13 46.6 3.0
13.1 46.6 3.0
13.2 46.6 3.0
13.3 46.6 3.0
13.4 46.6 3.0
13.5 46.6 3.0
13.6 46.6 3.0
13.7 46.6 3.0
13.8 46.6 3.0
13.9 46.6 3.0
14 46.6 3.0
14.1 46.6 3.0
14.2 46.6 3.0
14.3 46.6 3.0
14.4 46.6 3.0
14.5 46.6 3.0
14.6 46.6 3.0
14.7 46.6 3.0
14.8 46.6 3.0
14.9 46.6 3.0
15 46.6 3.0
15.1 46.6 3.0
15.2 46.6 3.0
15.3 46.6 3.0
15.4 46.6 3.0
15.5 46.6 3.0
15.6 46.6 3.0
15.7 46.6 3.0
15.8 46.6 3.0
15.9 46.6 3.0
16 46.6 3.0
16.1 46.6 3.0
16.2 46.6 3.0
16.3 46.6 3.0
16.4 46.6 3.0
16.5 46.6 3.0
16.6 46.6 3.0
16.7 46.6 3.0
16.8 46.6 3.0
16.9 46.6 3.0
17 46.6 3.0
6 46.5 3.0
6.1 46.5 3.0
6.2 46.5 3.0
6.3 46.5 3.0
6.4 46.5 3.0
6.5 46.5 3.0
6.6 46.5 3.0
6.7 46.5 3.0
6.8 46.5 3.0
6.9 46.5 3.0
7 46.5 3.0
7.1 46.5 3.0
7.2 46.5 3.0
7.3 46.5 3.0
7.4 46.5 3.0
7.5 46.5 3.0
7.6 46.5 3.0
7.7 46.5 3.0
7.8 46.5 3.0
7.9 46.5 3.0
8 46.5 3.0
8.1 46.5 3.0
8.2 46.5 3.0
8.3 46.5 3.0
8.4 46.5 3.0
8.5 46.5 3.0
8.6 46.5 3.0
8.7 46.5 3.0
8.8 46.5 3.0
8.9 46.5 3.0
9 46.5 3.0
9.1 46.5 3.0
9.2 46.5 3.0
9.3 46.5 3.0
9.4 46.5 3.0
9.5 46.5 3.0
9.6 46.5 3.0
9.7 46.5 3.0
9.8 46.5 3.0
9.9 46.5 3.0
10 46.5 3.0
10.1 46.5 3.0
10.2 46.5 3.0
10.3 46.5 3.0
10.4 46.5 3.0
10.5 46.5 3.0
10.6 46.5 3.0
10.7 46.5 3.0
10.8 46.5 3.0
10.9 46.5 3.0
11 46.5 3.0
11.1 46.5 3.0
11.2 46.5 3.0
11.3 46.5 3.0
11.4 46.5 3.0
11.5 46.5 3.0
11.6 46.5 3.0
11.7 46.5 3.0
11.8 46.5 3.0
11.9 46.5 3.0
12 46.5 3.0
12.1 46.5 3.0
12.2 46.5 3.0
12.3 46.5 3.0
12.4 46.5 3.0
12.5 46.5 3.0
12.6 46.5 3.0
12.7 46.5 3.0
12.8 46.5 3.0
12.9 46.5 3.0
13 46.5 3.0
13.1 46.5 3.0
13.2 46.5 3.0
13.3 46.5 3.0
13.4 46.5 3.0
13.5 46.5 3.0
13.6 46.5 3.0
13.7 46.5 3.0
13.8 46.5 3.0
13.9 46.5 3.0
14 46.5 3.0
14.1 46.5 3.0
14.2 46.5 3.0
14.3 46.5 3.0
14.4 46.5 3.0
14.5 46.5 3.0
14.6 46.5 3.0
14.7 46.5 3.0
14.8 46.5 3.0
14.9 46.5 3.0
15 46.5 3.0
15.1 46.5 3.0
15.2 46.5 3.0
15.3 46.5 3.0
15.4 46.5 3.0
15.5 46.5 3.0
15.6 46.5 3.0
15.7 46.5 3.0
15.8 46.5 3.0
15.9 46.5 3.0
16 46.5 3.0
16.1 46.5 3.0
16.2 46.5 3.0
16.3 46.5 3.0
16.4 46.5 3.0
16.5 46.5 3.0
16.6 46.5 3.0
16.7 46.5 3.0
16.8 46.5 3.0
16.9 46.5 3.0
17 46.5 3.0
6 46.4 3.0
6.1 46.4 3.0
6.2 46.4 3.0
6.3 46.4 3.0
6.4 46.4 3.0
6.5 46.4 3.0
6.6 46.4 3.0
6.7 46.4 3.0
6.8 46.4 3.0
6.9 46.4 3.0
7 46.4 3.0
7.1 46.4 3.0
7.2 46.4 3.0
7.3 46.4 3.0
7.4 46.4 3.0
7.5 46.4 3.0
7.6 46.4 3.0
7.7 46.4 3.0
7.8 46.4 3.0
7.9 46.4 3.0
8 46.4 3.0
8.1 46.4 3.0
8.2 46.4 3.0
8.3 46.4 3.0
8.4 46.4 3.0
8.5 46.4 3.0
8.6 46.4 3.0
8.7 46.4 3.0
8.8 46.4 3.0
8.9 46.4 3.0
9 46.4 3.0
9.1 46.4 3.0
9.2 46.4 3.0
9.3 46.4 3.0
9.4 46.4 3.0
9.5 46.4 3.0
9.6 46.4 3.0
9.7 46.4 3.0
9.8 46.4 3.0
9.9 46.4 3.0
10 46.4 3.0
10.1 46.4 3.0
10.2 46.4 3.0
10.3 46.4 3.0
10.4 46.4 3.0
10.5 46.4 3.0
10.6 46.4 3.0
10.7 46.4 3.0
10.8 46.4 3.0
10.9 46.4 3.0
11 46.4 3.0
11.1 46.4 3.0
11.2 46.4 3.0
11.3 46.4 3.0
11.4 46.4 3.0
11.5 46.4 3.0
11.6 46.4 3.0
11.7 46.4 3.0
11.8 46.4 3.0
11.9 46.4 3.0
12 46.4 3.0
12.1 46.4 3.0
12.2 46.4 3.0
12.3 46.4 3.0
12.4 46.4 3.0
12.5 46.4 3.0
12.6 46.4 3.0
12.7 46.4 3.0
12.8 46.4 3.0
12.9 46.4 3.0
13 46.4 3.0
13.1 46.4 3.0
13.2 46.4 3.0
13.3 46.4 3.0
13.4 46.4 3.0
13.5 46.4 3.0
13.6 46.4 3.0
13.7 46.4 3.0
13.8 46.4 3.0
13.9 46.4 3.0
14 46.4 3.0
14.1 46.4 3.0
14.2 46.4 3.0
14.3 46.4 3.0
14.4 46.4 3.0
14.5 46.4 3.0
14.6 46.4 3.0
14.7 46.4 3.0
14.8 46.4 3.0
14.9 46.4 3.0
15 46.4 3.0
15.1 46.4 3.0
15.2 46.4 3.0
15.3 46.4 3.0
15.4 46.4 3.0
15.5 46.4 3.0
15.6 46.4 3.0
15.7 46.4 3.0
15.8 46.4 3.0
15.9 46.4 3.0
16 46.4 3.0
16.1 46.4 3.0
16.2 46.4 3.0
16.3 46.4 3.0
16.4 46.4 3.0
16.5 46.4 3.0
16.6 46.4 3.0
16.7 46.4 3.0
16.8 46.4 3.0
16.9 46.4 3.0
17 46.4 3.0
6 46.3 3.0
6.1 46.3 3.0
6.2 46.3 3.0
6.3 46.3 3.0
6.4 46.3 3.0
6.5 46.3 3.0
6.6 46.3 3.0
6.7 46.3 3.0
6.8 46.3 3.0
6.9 46.3 3.0
7 46.3 3.0
7.1 46.3 3.0
7.2 46.3 3.0
7.3 46.3 3.0
7.4 46.3 3.0
7.5 46.3 3.0
7.6 46.3 3.0
7.7 46.3 3.0
7.8 46.3 3.0
7.9 46.3 3.0
8 46.3 3.0
8.1 46.3 3.0
8.2 46.3 3.0
8.3 46.3 3.0
8.4 46.3 3.0
8.5 46.3 3.0
8.6 46.3 3.0
8.7 46.3 3.0
8.8 46.3 3.0
8.9 46.3 3.0
9 46.3 3.0
9.1 46.3 3.0
9.2 46.3 3.0
9.3 46.3 3.0
9.4 46.3 3.0
9.5 46.3 3.0
9.6 46.3 3.0
9.7 46.3 3.0
9.8 46.3 3.0
9.9 46.3 3.0
10 46.3 3.0
10.1 46.3 3.0
10.2 46.3 3.0
10.3 46.3 3.0
10.4 46.3 3.0
10.5 46.3 3.0
10.6 46.3 3.0
10.7 46.3 3.0
10.8 46.3 3.0
10.9 46.3 3.0
11 46.3 3.0
11.1 46.3 3.0
11.2 46.3 3.0
11.3 46.3 3.0
11.4 46.3 3.0
11.5 46.3 3.0
11.6 46.3 3.0
11.7 46.3 3.0
11.8 46.3 3.0
11.9 46.3 3.0
12 46.3 3.0
12.1 46.3 3.0
12.2 46.3 3.0
12.3 46.3 3.0
12.4 46.3 3.0
12.5 46.3 3.0
12.6 46.3 3.0
12.7 46.3 3.0
12.8 46.3 3.0
12.9 46.3 3.0
13 46.3 3.0
13.1 46.3 3.0
13.2 46.3 3.0
13.3 46.3 3.0
13.4 46.3 3.0
13.5 46.3 3.0
13.6 46.3 3.0
13.7 46.3 3.0
13.8 46.3 3.0
13.9 46.3 3.0
14 46.3 3.0
14.1 46.3 3.0
14.2 46.3 3.0
14.3 46.3 3.0
14.4 46.3 3.0
14.5 46.3 3.0
14.6 46.3 3.0
14.7 46.3 3.0
14.8 46.3 3.0
14.9 46.3 3.0
15 46.3 3.0
15.1 46.3 3.0
15.2 46.3 3.0
15.3 46.3 3.0
15.4 46.3 3.0
15.5 46.3 3.0
15.6 46.3 3.0
15.7 46.3 3.0
15.8 46.3 3.0
15.9 46.3 3.0
16 46.3 3.0
16.1 46.3 3.0
16.2 46.3 3.0
16.3 46.3 3.0
16.4 46.3 3.0
16.5 46.3 3.0
16.6 46.3 3.0
16.7 46.3 3.0
16.8 46.3 3.0
16.9 46.3 3.0
17 46.3 3.0
6 46.2 3.0
6.1 46.2 3.0
6.2 46.2 3.0
6.3 46.2 3.0
6.4 46.2 3.0
6.5 46.2 3.0
6.6 46.2 3.0
6.7 46.2 3.0
6.8 46.2 3.0
6.9 46.2 3.0
7 46.2 3.0
7.1 46.2 3.0
7.2 46.2 3.0
7.3 46.2 3.0
7.4 46.2 3.0
7.5 46.2 3.0
7.6 46.2 3.0
7.7 46.2 3.0
7.8 46.2 3.0
7.9 46.2 3.0
8 46.2 3.0
8.1 46.2 3.0
8.2 46.2 3.0
8.3 46.2 3.0
8.4 46.2 3.0
8.5 46.2 3.0
8.6 46.2 3.0
8.7 46.2 3.0
8.8 46.2 3.0
8.9 46.2 3.0
9 46.2 3.0
9.1 46.2 3.0
9.2 46.2 3.0
9.3 46.2 3.0
9.4 46.2 3.0
9.5 46.2 3.0
9.6 46.2 3.0
9.7 46.2 3.0
9.8 46.2 3.0
9.9 46.2 3.0
10 46.2 3.0
10.1 46.2 3.0
10.2 46.2 3.0
10.3 46.2 3.0
10.4 46.2 3.0
10.5 46.2 3.0
10.6 46.2 3.0
10.7 46.2 3.0
10.8 46.2 3.0
10.9 46.2 3.0
11 46.2 3.0
11.1 46.2 3.0
11.2 46.2 3.0
11.3 46.2 3.0
11.4 46.2 3.0
11.5 46.2 3.0
11.6 46.2 3.0
11.7 46.2 3.0
11.8 46.2 3.0
11.9 46.2 3.0
12 46.2 3.0
12.1 46.2 3.0
12.2 46.2 3.0
12.3 46.2 3.0
12.4 46.2 3.0
12.5 46.2 3.0
12.6 46.2 3.0
12.7 46.2 3.0
12.8 46.2 3.0
12.9 46.2 3.0
13 46.2 3.0
13.1 46.2 3.0
13.2 46.2 3.0
13.3 46.2 3.0
13.4 46.2 3.0
13.5 46.2 3.0
13.6 46.2 3.0
13.7 46.2 3.0
13.8 46.2 3.0
13.9 46.2 3.0
14 46.2 3.0
14.1 46.2 3.0
14.2 46.2 3.0
14.3 46.2 3.0
14.4 46.2 3.0
14.5 46.2 3.0
14.6 46.2 3.0
14.7 46.2 3.0
14.8 46.2 3.0
14.9 46.2 3.0
15 46.2 3.0
15.1 46.2 3.0
15.2 46.2 3.0
15.3 46.2 3.0
15.4 46.2 3.0
15.5 46.2 3.0
15.6 46.2 3.0
15.7 46.2 3.0
15.8 46.2 3.0
15.9 46.2 3.0
16 46.2 3.0
16.1 46.2 3.0
16.2 46.2 3.0
16.3 46.2 3.0
16.4 46.2 3.0
16.5 46.2 3.0
16.6 46.2 3.0
16.7 46.2 3.0
16.8 46.2 3.0
16.9 46.2 3.0
17 46.2 3.0
6 46.1 3.0
6.1 46.1 3.0
6.2 46.1 3.0
6.3 46.1 3.0
6.4 46.1 3.0
6.5 46.1 3.0
6.6 46.1 3.0
6.7 46.1 3.0
6.8 46.1 3.0
6.9 46.1 3.0
7 46.1 3.0
7.1 46.1 3.0
7.2 46.1 3.0
7.3 46.1 3.0
7.4 46.1 3.0
7.5 46.1 3.0
7.6 46.1 3.0
7.7 46.1 3.0
7.8 46.1 3.0
7.9 46.1 3.0
8 46.1 3.0
8.1 46.1 3.0
8.2 46.1 3.0
8.3 46.1 3.0
8.4 46.1 3.0
8.5 46.1 3.0
8.6 46.1 3.0
8.7 46.1 3.0
8.8 46.1 3.0
8.9 46.1 3.0
9 46.1 3.0
9.1 46.1 3.0
9.2 46.1 3.0
9.3 46.1 3.0
9.4 46.1 3.0
9.5 46.1 3.0
9.6 46.1 3.0
9.7 46.1 3.0
9.8 46.1 3.0
9.9 46.1 3.0
10 46.1 3.0
10.1 46.1 3.0
10.2 46.1 3.0
10.3 46.1 3.0
10.4 46.1 3.0
10.5 46.1 3.0
10.6 46.1 3.0
10.7 46.1 3.0
10.8 46.1 3.0
10.9 46.1 3.0
11 46.1 3.0
11.1 46.1 3.0
11.2 46.1 3.0
11.3 46.1 3.0
11.4 46.1 3.0
11.5 46.1 3.0
11.6 46.1 3.0
11.7 46.1 3.0
11.8 46.1 3.0
11.9 46.1 3.0
12 46.1 3.0
12.1 46.1 3.0
12.2 46.1 3.0
12.3 46.1 3.0
12.4 46.1 3.0
12.5 46.1 3.0
12.6 46.1 3.0
12.7 46.1 3.0
12.8 46.1 3.0
12.9 46.1 3.0
13 46.1 3.0
13.1 46.1 3.0
13.2 46.1 3.0
13.3 46.1 3.0
13.4 46.1 3.0
13.5 46.1 3.0
13.6 46.1 3.0
13.7 46.1 3.0
13.8 46.1 3.0
13.9 46.1 3.0
14 46.1 3.0
14.1 46.1 3.0
14.2 46.1 3.0
14.3 46.1 3.0
14.4 46.1 3.0
14.5 46.1 3.0
14.6 46.1 3.0
14.7 46.1 3.0
14.8 46.1 3.0
14.9 46.1 3.0
15 46.1 3.0
15.1 46.1 3.0
15.2 46.1 3.0
15.3 46.1 3.0
15.4 46.1 3.0
15.5 46.1 3.0
15.6 46.1 3.0
15.7 46.1 3.0
15.8 46.1 3.0
15.9 46.1 3.0
16 46.1 3.0
16.1 46.1 3.0
16.2 46.1 3.0
16.3 46.1 3.0
16.4 46.1 3.0
16.5 46.1 3.0
16.6 46.1 3.0
16.7 46.1 3.0
16.8 46.1 3.0
16.9 46.1 3.0
17 46.1 3.0
6 46 3.0
6.1 46 3.0
6.2 46 3.0
6.3 46 3.0
6.4 46 3.0
6.5 46 3.0
6.6 46 3.0
6.7 46 3.0
6.8 46 3.0
6.9 46 3.0
7 46 3.0
7.1 46 3.0
7.2 46 3.0
7.3 46 3.0
7.4 46 3.0
7.5 46 3.0
7.6 46 3.0
7.7 46 3.0
7.8 46 3.0
7.9 46 3.0
8 46 3.0
8.1 46 3.0
8.2 46 3.0
8.3 46 3.0
8.4 46 3.0
8.5 46 3.0
8.6 46 3.0
8.7 46 3.0
8.8 46 3.0
8.9 46 3.0
9 46 3.0
9.1 46 3.0
9.2 46 3.0
9.3 46 3.0
9.4 46 3.0
9.5 46 3.0
9.6 46 3.0
9.7 46 3.0
9.8 46 3.0
9.9 46 3.0
10 46 3.0
10.1 46 3.0
10.2 46 3.0
10.3 46 3.0
10.4 46 3.0
10.5 46 3.0
10.6 46 3.0
10.7 46 3.0
10.8 46 3.0
10.9 46 3.0
11 46 3.0
11.1 46 3.0
11.2 46 3.0
11.3 46 3.0
11.4 46 3.0
11.5 46 3.0
11.6 46 3.0
11.7 46 3.0
11.8 46 3.0
11.9 46 3.0
12 46 3.0
12.1 46 3.0
12.2 46 3.0
12.3 46 3.0
12.4 46 3.0
12.5 46 3.0
12.6 46 3.0
12.7 46 3.0
12.8 46 3.0
12.9 46 3.0
13 46 3.0
13.1 46 3.0
13.2 46 3.0
13.3 46 3.0
13.4 46 3.0
13.5 46 3.0
13.6 46 3.0
13.7 46 3.0
13.8 46 3.0
13.9 46 3.0
14 46 3.0
14.1 46 3.0
14.2 46 3.0
14.3 46 3.0
14.4 46 3.0
14.5 46 3.0
14.6 46 3.0
14.7 46 3.0
14.8 46 3.0
14.9 46 3.0
15 46 3.0
15.1 46 3.0
15.2 46 3.0
15.3 46 3.0
15.4 46 3.0
15.5 46 3.0
15.6 46 3.0
15.7 46 3.0
15.8 46 3.0
15.9 46 3.0
16 46 3.0
16.1 46 3.0
16.2 46 3.0
16.3 46 3.0
16.4 46 3.0
16.5 46 3.0
16.6 46 3.0
16.7 46 3.0
16.8 46 3.0
16.9 46 3.0
17 46 3.0
6 45.9 3.0
6.1 45.9 3.0
6.2 45.9 3.0
6.3 45.9 3.0
6.4 45.9 3.0
6.5 45.9 3.0
6.6 45.9 3.0
6.7 45.9 3.0
6.8 45.9 3.0
6.9 45.9 3.0
7 45.9 3.0
7.1 45.9 3.0
7.2 45.9 3.0
7.3 45.9 3.0
7.4 45.9 3.0
7.5 45.9 3.0
7.6 45.9 3.0
7.7 45.9 3.0
7.8 45.9 3.0
7.9 45.9 3.0
8 45.9 3.0
8.1 45.9 3.0
8.2 45.9 3.0
8.3 45.9 3.0
8.4 45.9 3.0
8.5 45.9 3.0
8.6 45.9 3.0
8.7 45.9 3.0
8.8 45.9 3.0
8.9 45.9 3.0
9 45.9 3.0
9.1 45.9 3.0
9.2 45.9 3.0
9.3 45.9 3.0
9.4 45.9 3.0
9.5 45.9 3.0
9.6 45.9 3.0
9.7 45.9 3.0
9.8 45.9 3.0
9.9 45.9 3.0
10 45.9 3.0
10.1 45.9 3.0
10.2 45.9 3.0
10.3 45.9 3.0
10.4 45.9 3.0
10.5 45.9 3.0
10.6 45.9 3.0
10.7 45.9 3.0
10.8 45.9 3.0
10.9 45.9 3.0
11 45.9 3.0
11.1 45.9 3.0
11.2 45.9 3.0
11.3 45.9 3.0
11.4 45.9 3.0
11.5 45.9 3.0
11.6 45.9 3.0
11.7 45.9 3.0
11.8 45.9 3.0
11.9 45.9 3.0
12 45.9 3.0
12.1 45.9 3.0
12.2 45.9 3.0
12.3 45.9 3.0
12.4 45.9 3.0
12.5 45.9 3.0
12.6 45.9 3.0
12.7 45.9 3.0
12.8 45.9 3.0
12.9 45.9 3.0
13 45.9 3.0
13.1 45.9 3.0
13.2 45.9 3.0
13.3 45.9 3.0
13.4 45.9 3.0
13.5 45.9 3.0
13.6 45.9 3.0
13.7 45.9 3.0
13.8 45.9 3.0
13.9 45.9 3.0
14 45.9 3.0
14.1 45.9 3.0
14.2 45.9 3.0
14.3 45.9 3.0
14.4 45.9 3.0
14.5 45.9 3.0
14.6 45.9 3.0
14.7 45.9 3.0
14.8 45.9 3.0
14.9 45.9 3.0
15 45.9 3.0
15.1 45.9 3.0
15.2 45.9 3.0
15.3 45.9 3.0
15.4 45.9 3.0
15.5 45.9 3.0
15.6 45.9 3.0
15.7 45.9 3.0
15.8 45.9 3.0
15.9 45.9 3.0
16 45.9 3.0
16.1 45.9 3.0
16.2 45.9 3.0
16.3 45.9 3.0
16.4 45.9 3.0
16.5 45.9 3.0
16.6 45.9 3.0
16.7 45.9 3.0
16.8 45.9 3.0
16.9 45.9 3.0
17 45.9 3.0
6 45.8 3.0
6.1 45.8 3.0
6.2 45.8 3.0
6.3 45.8 3.0
6.4 45.8 3.0
6.5 45.8 3.0
6.6 45.8 3.0
6.7 45.8 3.0
6.8 45.8 3.0
6.9 45.8 3.0
7 45.8 3.0
7.1 45.8 3.0
7.2 45.8 3.0
7.3 45.8 3.0
7.4 45.8 3.0
7.5 45.8 3.0
7.6 45.8 3.0
7.7 45.8 3.0
7.8 45.8 3.0
7.9 45.8 3.0
8 45.8 3.0
8.1 45.8 3.0
8.2 45.8 3.0
8.3 45.8 3.0
8.4 45.8 3.0
8.5 45.8 3.0
8.6 45.8 3.0
8.7 45.8 3.0
8.8 45.8 3.0
8.9 45.8 3.0
9 45.8 3.0
9.1 45.8 3.0
9.2 45.8 3.0
9.3 45.8 3.0
9.4 45.8 3.0
9.5 45.8 3.0
9.6 45.8 3.0
9.7 45.8 3.0
9.8 45.8 3.0
9.9 45.8 3.0
10 45.8 3.0
10.1 45.8 3.0
10.2 45.8 3.0
10.3 45.8 3.0
10.4 45.8 3.0
10.5 45.8 3.0
10.6 45.8 3.0
10.7 45.8 3.0
10.8 45.8 3.0
10.9 45.8 3.0
11 45.8 3.0
11.1 45.8 3.0
11.2 45.8 3.0
11.3 45.8 3.0
11.4 45.8 3.0
11.5 45.8 3.0
11.6 45.8 3.0
11.7 45.8 3.0
11.8 45.8 3.0
11.9 45.8 3.0
12 45.8 3.0
12.1 45.8 3.0
12.2 45.8 3.0
12.3 45.8 3.0
12.4 45.8 3.0
12.5 45.8 3.0
12.6 45.8 3.0
12.7 45.8 3.0
12.8 45.8 3.0
12.9 45.8 3.0
13 45.8 3.0
13.1 45.8 3.0
13.2 45.8 3.0
13.3 45.8 3.0
13.4 45.8 3.0
13.5 45.8 3.0
13.6 45.8 3.0
13.7 45.8 3.0
13.8 45.8 3.0
13.9 45.8 3.0
14 45.8 3.0
14.1 45.8 3.0
14.2 45.8 3.0
14.3 45.8 3.0
14.4 45.8 3.0
14.5 45.8 3.0
14.6 45.8 3.0
14.7 45.8 3.0
14.8 45.8 3.0
14.9 45.8 3.0
15 45.8 3.0
15.1 45.8 3.0
15.2 45.8 3.0
15.3 45.8 3.0
15.4 45.8 3.0
15.5 45.8 3.0
15.6 45.8 3.0
15.7 45.8 3.0
15.8 45.8 3.0
15.9 45.8 3.0
16 45.8 3.0
16.1 45.8 3.0
16.2 45.8 3.0
16.3 45.8 3.0
16.4 45.8 3.0
16.5 45.8 3.0
16.6 45.8 3.0
16.7 45.8 3.0
16.8 45.8 3.0
16.9 45.8 3.0
17 45.8 3.0
6 45.7 3.0
6.1 45.7 3.0
6.2 45.7 3.0
6.3 45.7 3.0
6.4 45.7 3.0
6.5 45.7 3.0
6.6 45.7 3.0
6.7 45.7 3.0
6.8 45.7 3.0
6.9 45.7 3.0
7 45.7 3.0
7.1 45.7 3.0
7.2 45.7 3.0
7.3 45.7 3.0
7.4 45.7 3.0
7.5 45.7 3.0
7.6 45.7 3.0
7.7 45.7 3.0
7.8 45.7 3.0
7.9 45.7 3.0
8 45.7 3.0
8.1 45.7 3.0
8.2 45.7 3.0
8.3 45.7 3.0
8.4 45.7 3.0
8.5 45.7 3.0
8.6 45.7 3.0
8.7 45.7 3.0
8.8 45.7 3.0
8.9 45.7 3.0
9 45.7 3.0
9.1 45.7 3.0
9.2 45.7 3.0
9.3 45.7 3.0
9.4 45.7 3.0
9.5 45.7 3.0
9.6 45.7 3.0
9.7 45.7 3.0
9.8 45.7 3.0
9.9 45.7 3.0
10 45.7 3.0
10.1 45.7 3.0
10.2 45.7 3.0
10.3 45.7 3.0
10.4 45.7 3.0
10.5 45.7 3.0
10.6 45.7 3.0
10.7 45.7 3.0
10.8 45.7 3.0
10.9 45.7 3.0
11 45.7 3.0
11.1 45.7 3.0
11.2 45.7 3.0
11.3 45.7 3.0
11.4 45.7 3.0
11.5 45.7 3.0
11.6 45.7 3.0
11.7 45.7 3.0
11.8 45.7 3.0
11.9 45.7 3.0
12 45.7 3.0
12.1 45.7 3.0
12.2 45.7 3.0
12.3 45.7 3.0
12.4 45.7 3.0
12.5 45.7 3.0
12.6 45.7 3.0
12.7 45.7 3.0
12.8 45.7 3.0
12.9 45.7 3.0
13 45.7 3.0
13.1 45.7 3.0
13.2 45.7 3.0
13.3 45.7 3.0
13.4 45.7 3.0
13.5 45.7 3.0
13.6 45.7 3.0
13.7 45.7 3.0
13.8 45.7 3.0
13.9 45.7 3.0
14 45.7 3.0
14.1 45.7 3.0
14.2 45.7 3.0
14.3 45.7 3.0
14.4 45.7 3.0
14.5 45.7 3.0
14.6 45.7 3.0
14.7 45.7 3.0
14.8 45.7 3.0
14.9 45.7 3.0
15 45.7 3.0
15.1 45.7 3.0
15.2 45.7 3.0
15.3 45.7 3.0
15.4 45.7 3.0
15.5 45.7 3.0
15.6 45.7 3.0
15.7 45.7 3.0
15.8 45.7 3.0
15.9 45.7 3.0
16 45.7 3.0
16.1 45.7 3.0
16.2 45.7 3.0
16.3 45.7 3.0
16.4 45.7 3.0
16.5 45.7 3.0
16.6 45.7 3.0
16.7 45.7 3.0
16.8 45.7 3.0
16.9 45.7 3.0
17 45.7 3.0
6 45.6 3.0
6.1 45.6 3.0
6.2 45.6 3.0
6.3 45.6 3.0
6.4 45.6 3.0
6.5 45.6 3.0
6.6 45.6 3.0
6.7 45.6 3.0
6.8 45.6 3.0
6.9 45.6 3.0
7 45.6 3.0
7.1 45.6 3.0
7.2 45.6 3.0
7.3 45.6 3.0
7.4 45.6 3.0
7.5 45.6 3.0
7.6 45.6 3.0
7.7 45.6 3.0
7.8 45.6 3.0
7.9 45.6 3.0
8 45.6 3.0
8.1 45.6 3.0
8.2 45.6 3.0
8.3 45.6 3.0
8.4 45.6 3.0
8.5 45.6 3.0
8.6 45.6 3.0
8.7 45.6 3.0
8.8 45.6 3.0
8.9 45.6 3.0
9 45.6 3.0
9.1 45.6 3.0
9.2 45.6 3.0
9.3 45.6 3.0
9.4 45.6 3.0
9.5 45.6 3.0
9.6 45.6 3.0
9.7 45.6 3.0
9.8 45.6 3.0
9.9 45.6 3.0
10 45.6 3.0
10.1 45.6 3.0
10.2 45.6 3.0
10.3 45.6 3.0
10.4 45.6 3.0
10.5 45.6 3.0
10.6 45.6 3.0
10.7 45.6 3.0
10.8 45.6 3.0
10.9 45.6 3.0
11 45.6 3.0
11.1 45.6 3.0
11.2 45.6 3.0
11.3 45.6 3.0
11.4 45.6 3.0
11.5 45.6 3.0
11.6 45.6 3.0
11.7 45.6 3.0
11.8 45.6 3.0
11.9 45.6 3.0
12 45.6 3.0
12.1 45.6 3.0
12.2 45.6 3.0
12.3 45.6 3.0
12.4 45.6 3.0
12.5 45.6 3.0
12.6 45.6 3.0
12.7 45.6 3.0
12.8 45.6 3.0
12.9 45.6 3.0
13 45.6 3.0
13.1 45.6 3.0
13.2 45.6 3.0
13.3 45.6 3.0
13.4 45.6 3.0
13.5 45.6 3.0
13.6 45.6 3.0
13.7 45.6 3.0
13.8 45.6 3.0
13.9 45.6 3.0
14 45.6 3.0
14.1 45.6 3.0
14.2 45.6 3.0
14.3 45.6 3.0
14.4 45.6 3.0
14.5 45.6 3.0
14.6 45.6 3.0
14.7 45.6 3.0
14.8 45.6 3.0
14.9 45.6 3.0
15 45.6 3.0
15.1 45.6 3.0
15.2 45.6 3.0
15.3 45.6 3.0
15.4 45.6 3.0
15.5 45.6 3.0
15.6 45.6 3.0
15.7 45.6 3.0
15.8 45.6 3.0
15.9 45.6 3.0
16 45.6 3.0
16.1 45.6 3.0
16.2 45.6 3.0
16.3 45.6 3.0
16.4 45.6 3.0
16.5 45.6 3.0
16.6 45.6 3.0
16.7 45.6 3.0
16.8 45.6 3.0
16.9 45.6 3.0
17 45.6 3.0
6 45.5 3.0
6.1 45.5 3.0
6.2 45.5 3.0
6.3 45.5 3.0
6.4 45.5 3.0
6.5 45.5 3.0
6.6 45.5 3.0
6.7 45.5 3.0
6.8 45.5 3.0
6.9 45.5 3.0
7 45.5 3.0
7.1 45.5 3.0
7.2 45.5 3.0
7.3 45.5 3.0
7.4 45.5 3.0
7.5 45.5 3.0
7.6 45.5 3.0
7.7 45.5 3.0
7.8 45.5 3.0
7.9 45.5 3.0
8 45.5 3.0
8.1 45.5 3.0
8.2 45.5 3.0
8.3 45.5 3.0
8.4 45.5 3.0
8.5 45.5 3.0
8.6 45.5 3.0
8.7 45.5 3.0
8.8 45.5 3.0
8.9 45.5 3.0
9 45.5 3.0
9.1 45.5 3.0
9.2 45.5 3.0
9.3 45.5 3.0
9.4 45.5 3.0
9.5 45.5 3.0
9.6 45.5 3.0
9.7 45.5 3.0
9.8 45.5 3.0
9.9 45.5 3.0
10 45.5 3.0
10.1 45.5 3.0
10.2 45.5 3.0
10.3 45.5 3.0
10.4 45.5 3.0
10.5 45.5 3.0
10.6 45.5 3.0
10.7 45.5 3.0
10.8 45.5 3.0
10.9 45.5 3.0
11 45.5 3.0
11.1 45.5 3.0
11.2 45.5 3.0
11.3 45.5 3.0
11.4 45.5 3.0
11.5 45.5 3.0
11.6 45.5 3.0
11.7 45.5 3.0
11.8 45.5 3.0
11.9 45.5 3.0
12 45.5 3.0
12.1 45.5 3.0
12.2 45.5 3.0
12.3 45.5 3.0
12.4 45.5 3.0
12.5 45.5 3.0
12.6 45.5 3.0
12.7 45.5 3.0
12.8 45.5 3.0
12.9 45.5 3.0
13 45.5 3.0
13.1 45.5 3.0
13.2 45.5 3.0
13.3 45.5 3.0
13.4 45.5 3.0
13.5 45.5 3.0
13.6 45.5 3.0
13.7 45.5 3.0
13.8 45.5 3.0
13.9 45.5 3.0
14 45.5 3.0
14.1 45.5 3.0
14.2 45.5 3.0
14.3 45.5 3.0
14.4 45.5 3.0
14.5 45.5 3.0
14.6 45.5 3.0
14.7 45.5 3.0
14.8 45.5 3.0
14.9 45.5 3.0
15 45.5 3.0
15.1 45.5 3.0
15.2 45.5 3.0
15.3 45.5 3.0
15.4 45.5 3.0
15.5 45.5 3.0
15.6 45.5 3.0
15.7 45.5 3.0
15.8 45.5 3.0
15.9 45.5 3.0
16 45.5 3.0
16.1 45.5 3.0
16.2 45.5 3.0
16.3 45.5 3.0
16.4 45.5 3.0
16.5 45.5 3.0
16.6 45.5 3.0
16.7 45.5 3.0
16.8 45.5 3.0
16.9 45.5 3.0
17 45.5 3.0
6 45.4 3.0
6.1 45.4 3.0
6.2 45.4 3.0
6.3 45.4 3.0
6.4 45.4 3.0
6.5 45.4 3.0
6.6 45.4 3.0
6.7 45.4 3.0
6.8 45.4 3.0
6.9 45.4 3.0
7 45.4 3.0
7.1 45.4 3.0
7.2 45.4 3.0
7.3 45.4 3.0
7.4 45.4 3.0
7.5 45.4 3.0
7.6 45.4 3.0
7.7 45.4 3.0
7.8 45.4 3.0
7.9 45.4 3.0
8 45.4 3.0
8.1 45.4 3.0
8.2 45.4 3.0
8.3 45.4 3.0
8.4 45.4 3.0
8.5 45.4 3.0
8.6 45.4 3.0
8.7 45.4 3.0
8.8 45.4 3.0
8.9 45.4 3.0
9 45.4 3.0
9.1 45.4 3.0
9.2 45.4 3.0
9.3 45.4 3.0
9.4 45.4 3.0
9.5 45.4 3.0
9.6 45.4 3.0
9.7 45.4 3.0
9.8 45.4 3.0
9.9 45.4 3.0
10 45.4 3.0
10.1 45.4 3.0
10.2 45.4 3.0
10.3 45.4 3.0
10.4 45.4 3.0
10.5 45.4 3.0
10.6 45.4 3.0
10.7 45.4 3.0
10.8 45.4 3.0
10.9 45.4 3.0
11 45.4 3.0
11.1 45.4 3.0
11.2 45.4 3.0
11.3 45.4 3.0
11.4 45.4 3.0
11.5 45.4 3.0
11.6 45.4 3.0
11.7 45.4 3.0
11.8 45.4 3.0
11.9 45.4 3.0
12 45.4 3.0
12.1 45.4 3.0
12.2 45.4 3.0
12.3 45.4 3.0
12.4 45.4 3.0
12.5 45.4 3.0
12.6 45.4 3.0
12.7 45.4 3.0
12.8 45.4 3.0
12.9 45.4 3.0
13 45.4 3.0
13.1 45.4 3.0
13.2 45.4 3.0
13.3 45.4 3.0
13.4 45.4 3.0
13.5 45.4 3.0
13.6 45.4 3.0
13.7 45.4 3.0
13.8 45.4 3.0
13.9 45.4 3.0
14 45.4 3.0
14.1 45.4 3.0
14.2 45.4 3.0
14.3 45.4 3.0
14.4 45.4 3.0
14.5 45.4 3.0
14.6 45.4 3.0
14.7 45.4 3.0
14.8 45.4 3.0
14.9 45.4 3.0
15 45.4 3.0
15.1 45.4 3.0
15.2 45.4 3.0
15.3 45.4 3.0
15.4 45.4 3.0
15.5 45.4 3.0
15.6 45.4 3.0
15.7 45.4 3.0
15.8 45.4 3.0
15.9 45.4 3.0
16 45.4 3.0
16.1 45.4 3.0
16.2 45.4 3.0
16.3 45.4 3.0
16.4 45.4 3.0
16.5 45.4 3.0
16.6 45.4 3.0
16.7 45.4 3.0
16.8 45.4 3.0
16.9 45.4 3.0
17 45.4 3.0
6 45.3 3.0
6.1 45.3 3.0
6.2 45.3 3.0
6.3 45.3 3.0
6.4 45.3 3.0
6.5 45.3 3.0
6.6 45.3 3.0
6.7 45.3 3.0
6.8 45.3 3.0
6.9 45.3 3.0
7 45.3 3.0
7.1 45.3 3.0
7.2 45.3 3.0
7.3 45.3 3.0
7.4 45.3 3.0
7.5 45.3 3.0
7.6 45.3 3.0
7.7 45.3 3.0
7.8 45.3 3.0
7.9 45.3 3.0
8 45.3 3.0
8.1 45.3 3.0
8.2 45.3 3.0
8.3 45.3 3.0
8.4 45.3 3.0
8.5 45.3 3.0
8.6 45.3 3.0
8.7 45.3 3.0
8.8 45.3 3.0
8.9 45.3 3.0
9 45.3 3.0
9.1 45.3 3.0
9.2 45.3 3.0
9.3 45.3 3.0
9.4 45.3 3.0
9.5 45.3 3.0
9.6 45.3 3.0
9.7 45.3 3.0
9.8 45.3 3.0
9.9 45.3 3.0
10 45.3 3.0
10.1 45.3 3.0
10.2 45.3 3.0
10.3 45.3 3.0
10.4 45.3 3.0
10.5 45.3 3.0
10.6 45.3 3.0
10.7 45.3 3.0
10.8 45.3 3.0
10.9 45.3 3.0
11 45.3 3.0
11.1 45.3 3.0
11.2 45.3 3.0
11.3 45.3 3.0
11.4 45.3 3.0
11.5 45.3 3.0
11.6 45.3 3.0
11.7 45.3 3.0
11.8 45.3 3.0
11.9 45.3 3.0
12 45.3 3.0
12.1 45.3 3.0
12.2 45.3 3.0
12.3 45.3 3.0
12.4 45.3 3.0
12.5 45.3 3.0
12.6 45.3 3.0
12.7 45.3 3.0
12.8 45.3 3.0
12.9 45.3 3.0
13 45.3 3.0
13.1 45.3 3.0
13.2 45.3 3.0
13.3 45.3 3.0
13.4 45.3 3.0
13.5 45.3 3.0
13.6 45.3 3.0
13.7 45.3 3.0
13.8 45.3 3.0
13.9 45.3 3.0
14 45.3 3.0
14.1 45.3 3.0
14.2 45.3 3.0
14.3 45.3 3.0
14.4 45.3 3.0
14.5 45.3 3.0
14.6 45.3 3.0
14.7 45.3 3.0
14.8 45.3 3.0
14.9 45.3 3.0
15 45.3 3.0
15.1 45.3 3.0
15.2 45.3 3.0
15.3 45.3 3.0
15.4 45.3 3.0
15.5 45.3 3.0
15.6 45.3 3.0
15.7 45.3 3.0
15.8 45.3 3.0
15.9 45.3 3.0
16 45.3 3.0
16.1 45.3 3.0
16.2 45.3 3.0
16.3 45.3 3.0
16.4 45.3 3.0
16.5 45.3 3.0
16.6 45.3 3.0
16.7 45.3 3.0
16.8 45.3 3.0
16.9 45.3 3.0
17 45.3 3.0
6 45.2 3.0
6.1 45.2 3.0
6.2 45.2 3.0
6.3 45.2 3.0
6.4 45.2 3.0
6.5 45.2 3.0
6.6 45.2 3.0
6.7 45.2 3.0
6.8 45.2 3.0
6.9 45.2 3.0
7 45.2 3.0
7.1 45.2 3.0
7.2 45.2 3.0
7.3 45.2 3.0
7.4 45.2 3.0
7.5 45.2 3.0
7.6 45.2 3.0
7.7 45.2 3.0
7.8 45.2 3.0
7.9 45.2 3.0
8 45.2 3.0
8.1 45.2 3.0
8.2 45.2 3.0
8.3 45.2 3.0
8.4 45.2 3.0
8.5 45.2 3.0
8.6 45.2 3.0
8.7 45.2 3.0
8.8 45.2 3.0
8.9 45.2 3.0
9 45.2 3.0
9.1 45.2 3.0
9.2 45.2 3.0
9.3 45.2 3.0
9.4 45.2 3.0
9.5 45.2 3.0
9.6 45.2 3.0
9.7 45.2 3.0
9.8 45.2 3.0
9.9 45.2 3.0
10 45.2 3.0
10.1 45.2 3.0
10.2 45.2 3.0
10.3 45.2 3.0
10.4 45.2 3.0
10.5 45.2 3.0
10.6 45.2 3.0
10.7 45.2 3.0
10.8 45.2 3.0
10.9 45.2 3.0
11 45.2 3.0
11.1 45.2 3.0
11.2 45.2 3.0
11.3 45.2 3.0
11.4 45.2 3.0
11.5 45.2 3.0
11.6 45.2 3.0
11.7 45.2 3.0
11.8 45.2 3.0
11.9 45.2 3.0
12 45.2 3.0
12.1 45.2 3.0
12.2 45.2 3.0
12.3 45.2 3.0
12.4 45.2 3.0
12.5 45.2 3.0
12.6 45.2 3.0
12.7 45.2 3.0
12.8 45.2 3.0
12.9 45.2 3.0
13 45.2 3.0
13.1 45.2 3.0
13.2 45.2 3.0
13.3 45.2 3.0
13.4 45.2 3.0
13.5 45.2 3.0
13.6 45.2 3.0
13.7 45.2 3.0
13.8 45.2 3.0
13.9 45.2 3.0
14 45.2 3.0
14.1 45.2 3.0
14.2 45.2 3.0
14.3 45.2 3.0
14.4 45.2 3.0
14.5 45.2 3.0
14.6 45.2 3.0
14.7 45.2 3.0
14.8 45.2 3.0
14.9 45.2 3.0
15 45.2 3.0
15.1 45.2 3.0
15.2 45.2 3.0
15.3 45.2 3.0
15.4 45.2 3.0
15.5 45.2 3.0
15.6 45.2 3.0
15.7 45.2 3.0
15.8 45.2 3.0
15.9 45.2 3.0
16 45.2 3.0
16.1 45.2 3.0
16.2 45.2 3.0
16.3 45.2 3.0
16.4 45.2 3.0
16.5 45.2 3.0
16.6 45.2 3.0
16.7 45.2 3.0
16.8 45.2 3.0
16.9 45.2 3.0
17 45.2 3.0
6 45.1 3.0
6.1 45.1 3.0
6.2 45.1 3.0
6.3 45.1 3.0
6.4 45.1 3.0
6.5 45.1 3.0
6.6 45.1 3.0
6.7 45.1 3.0
6.8 45.1 3.0
6.9 45.1 3.0
7 45.1 3.0
7.1 45.1 3.0
7.2 45.1 3.0
7.3 45.1 3.0
7.4 45.1 3.0
7.5 45.1 3.0
7.6 45.1 3.0
7.7 45.1 3.0
7.8 45.1 3.0
7.9 45.1 3.0
8 45.1 3.0
8.1 45.1 3.0
8.2 45.1 3.0
8.3 45.1 3.0
8.4 45.1 3.0
8.5 45.1 3.0
8.6 45.1 3.0
8.7 45.1 3.0
8.8 45.1 3.0
8.9 45.1 3.0
9 45.1 3.0
9.1 45.1 3.0
9.2 45.1 3.0
9.3 45.1 3.0
9.4 45.1 3.0
9.5 45.1 3.0
9.6 45.1 3.0
9.7 45.1 3.0
9.8 45.1 3.0
9.9 45.1 3.0
10 45.1 3.0
10.1 45.1 3.0
10.2 45.1 3.0
10.3 45.1 3.0
10.4 45.1 3.0
10.5 45.1 3.0
10.6 45.1 3.0
10.7 45.1 3.0
10.8 45.1 3.0
10.9 45.1 3.0
11 45.1 3.0
11.1 45.1 3.0
11.2 45.1 3.0
11.3 45.1 3.0
11.4 45.1 3.0
11.5 45.1 3.0
11.6 45.1 3.0
11.7 45.1 3.0
11.8 45.1 3.0
11.9 45.1 3.0
12 45.1 3.0
12.1 45.1 3.0
12.2 45.1 3.0
12.3 45.1 3.0
12.4 45.1 3.0
12.5 45.1 3.0
12.6 45.1 3.0
12.7 45.1 3.0
12.8 45.1 3.0
12.9 45.1 3.0
13 45.1 3.0
13.1 45.1 3.0
13.2 45.1 3.0
13.3 45.1 3.0
13.4 45.1 3.0
13.5 45.1 3.0
13.6 45.1 3.0
13.7 45.1 3.0
13.8 45.1 3.0
13.9 45.1 3.0
14 45.1 3.0
14.1 45.1 3.0
14.2 45.1 3.0
14.3 45.1 3.0
14.4 45.1 3.0
14.5 45.1 3.0
14.6 45.1 3.0
14.7 45.1 3.0
14.8 45.1 3.0
14.9 45.1 3.0
15 45.1 3.0
15.1 45.1 3.0
15.2 45.1 3.0
15.3 45.1 3.0
15.4 45.1 3.0
15.5 45.1 3.0
15.6 45.1 3.0
15.7 45.1 3.0
15.8 45.1 3.0
15.9 45.1 3.0
16 45.1 3.0
16.1 45.1 3.0
16.2 45.1 3.0
16.3 45.1 3.0
16.4 45.1 3.0
16.5 45.1 3.0
16.6 45.1 3.0
16.7 45.1 3.0
16.8 45.1 3.0
16.9 45.1 3.0
17 45.1 3.0
6 45 3.0
6.1 45 3.0
6.2 45 3.0
6.3 45 3.0
6.4 45 3.0
6.5 45 3.0
6.6 45 3.0
6.7 45 3.0
6.8 45 3.0
6.9 45 3.0
7 45 3.0
7.1 45 3.0
7.2 45 3.0
7.3 45 3.0
7.4 45 3.0
7.5 45 3.0
7.6 45 3.0
7.7 45 3.0
7.8 45 3.0
7.9 45 3.0
8 45 3.0
8.1 45 3.0
8.2 45 3.0
8.3 45 3.0
8.4 45 3.0
8.5 45 3.0
8.6 45 3.0
8.7 45 3.0
8.8 45 3.0
8.9 45 3.0
9 45 3.0
9.1 45 3.0
9.2 45 3.0
9.3 45 3.0
9.4 45 3.0
9.5 45 3.0
9.6 45 3.0
9.7 45 3.0
9.8 45 3.0
9.9 45 3.0
10 45 3.0
10.1 45 3.0
10.2 45 3.0
10.3 45 3.0
10.4 45 3.0
10.5 45 3.0
10.6 45 3.0
10.7 45 3.0
10.8 45 3.0
10.9 45 3.0
11 45 3.0
11.1 45 3.0
11.2 45 3.0
11.3 45 3.0
11.4 45 3.0
11.5 45 3.0
11.6 45 3.0
11.7 45 3.0
11.8 45 3.0
11.9 45 3.0
12 45 3.0
12.1 45 3.0
12.2 45 3.0
12.3 45 3.0
12.4 45 3.0
12.5 45 3.0
12.6 45 3.0
12.7 45 3.0
12.8 45 3.0
12.9 45 3.0
13 45 3.0
13.1 45 3.0
13.2 45 3.0
13.3 45 3.0
13.4 45 3.0
13.5 45 3.0
13.6 45 3.0
13.7 45 3.0
13.8 45 3.0
13.9 45 3.0
14 45 3.0
14.1 45 3.0
14.2 45 3.0
14.3 45 3.0
14.4 45 3.0
14.5 45 3.0
14.6 45 3.0
14.7 45 3.0
14.8 45 3.0
14.9 45 3.0
15 45 3.0
15.1 45 3.0
15.2 45 3.0
15.3 45 3.0
15.4 45 3.0
15.5 45 3.0
15.6 45 3.0
15.7 45 3.0
15.8 45 3.0
15.9 45 3.0
16 45 3.0
16.1 45 3.0
16.2 45 3.0
16.3 45 3.0
16.4 45 3.0
16.5 45 3.0
16.6 45 3.0
16.7 45 3.0
16.8 45 3.0
16.9 45 3.0
17 45 3.0
6 44.9 3.0
6.1 44.9 3.0
6.2 44.9 3.0
6.3 44.9 3.0
6.4 44.9 3.0
6.5 44.9 3.0
6.6 44.9 3.0
6.7 44.9 3.0
6.8 44.9 3.0
6.9 44.9 3.0
7 44.9 3.0
7.1 44.9 3.0
7.2 44.9 3.0
7.3 44.9 3.0
7.4 44.9 3.0
7.5 44.9 3.0
7.6 44.9 3.0
7.7 44.9 3.0
7.8 44.9 3.0
7.9 44.9 3.0
8 44.9 3.0
8.1 44.9 3.0
8.2 44.9 3.0
8.3 44.9 3.0
8.4 44.9 3.0
8.5 44.9 3.0
8.6 44.9 3.0
8.7 44.9 3.0
8.8 44.9 3.0
8.9 44.9 3.0
9 44.9 3.0
9.1 44.9 3.0
9.2 44.9 3.0
9.3 44.9 3.0
9.4 44.9 3.0
9.5 44.9 3.0
9.6 44.9 3.0
9.7 44.9 3.0
9.8 44.9 3.0
9.9 44.9 3.0
10 44.9 3.0
10.1 44.9 3.0
10.2 44.9 3.0
10.3 44.9 3.0
10.4 44.9 3.0
10.5 44.9 3.0
10.6 44.9 3.0
10.7 44.9 3.0
10.8 44.9 3.0
10.9 44.9 3.0
11 44.9 3.0
11.1 44.9 3.0
11.2 44.9 3.0
11.3 44.9 3.0
11.4 44.9 3.0
11.5 44.9 3.0
11.6 44.9 3.0
11.7 44.9 3.0
11.8 44.9 3.0
11.9 44.9 3.0
12 44.9 3.0
12.1 44.9 3.0
12.2 44.9 3.0
12.3 44.9 3.0
12.4 44.9 3.0
12.5 44.9 3.0
12.6 44.9 3.0
12.7 44.9 3.0
12.8 44.9 3.0
12.9 44.9 3.0
13 44.9 3.0
13.1 44.9 3.0
13.2 44.9 3.0
13.3 44.9 3.0
13.4 44.9 3.0
13.5 44.9 3.0
13.6 44.9 3.0
13.7 44.9 3.0
13.8 44.9 3.0
13.9 44.9 3.0
14 44.9 3.0
14.1 44.9 3.0
14.2 44.9 3.0
14.3 44.9 3.0
14.4 44.9 3.0
14.5 44.9 3.0
14.6 44.9 3.0
14.7 44.9 3.0
14.8 44.9 3.0
14.9 44.9 3.0
15 44.9 3.0
15.1 44.9 3.0
15.2 44.9 3.0
15.3 44.9 3.0
15.4 44.9 3.0
15.5 44.9 3.0
15.6 44.9 3.0
15.7 44.9 3.0
15.8 44.9 3.0
15.9 44.9 3.0
16 44.9 3.0
16.1 44.9 3.0
16.2 44.9 3.0
16.3 44.9 3.0
16.4 44.9 3.0
16.5 44.9 3.0
16.6 44.9 3.0
16.7 44.9 3.0
16.8 44.9 3.0
16.9 44.9 3.0
17 44.9 3.0
6 44.8 3.0
6.1 44.8 3.0
6.2 44.8 3.0
6.3 44.8 3.0
6.4 44.8 3.0
6.5 44.8 3.0
6.6 44.8 3.0
6.7 44.8 3.0
6.8 44.8 3.0
6.9 44.8 3.0
7 44.8 3.0
7.1 44.8 3.0
7.2 44.8 3.0
7.3 44.8 3.0
7.4 44.8 3.0
7.5 44.8 3.0
7.6 44.8 3.0
7.7 44.8 3.0
7.8 44.8 3.0
7.9 44.8 3.0
8 44.8 3.0
8.1 44.8 3.0
8.2 44.8 3.0
8.3 44.8 3.0
8.4 44.8 3.0
8.5 44.8 3.0
8.6 44.8 3.0
8.7 44.8 3.0
8.8 44.8 3.0
8.9 44.8 3.0
9 44.8 3.0
9.1 44.8 3.0
9.2 44.8 3.0
9.3 44.8 3.0
9.4 44.8 3.0
9.5 44.8 3.0
9.6 44.8 3.0
9.7 44.8 3.0
9.8 44.8 3.0
9.9 44.8 3.0
10 44.8 3.0
10.1 44.8 3.0
10.2 44.8 3.0
10.3 44.8 3.0
10.4 44.8 3.0
10.5 44.8 3.0
10.6 44.8 3.0
10.7 44.8 3.0
10.8 44.8 3.0
10.9 44.8 3.0
11 44.8 3.0
11.1 44.8 3.0
11.2 44.8 3.0
11.3 44.8 3.0
11.4 44.8 3.0
11.5 44.8 3.0
11.6 44.8 3.0
11.7 44.8 3.0
11.8 44.8 3.0
11.9 44.8 3.0
12 44.8 3.0
12.1 44.8 3.0
12.2 44.8 3.0
12.3 44.8 3.0
12.4 44.8 3.0
12.5 44.8 3.0
12.6 44.8 3.0
12.7 44.8 3.0
12.8 44.8 3.0
12.9 44.8 3.0
13 44.8 3.0
13.1 44.8 3.0
13.2 44.8 3.0
13.3 44.8 3.0
13.4 44.8 3.0
13.5 44.8 3.0
13.6 44.8 3.0
13.7 44.8 3.0
13.8 44.8 3.0
13.9 44.8 3.0
14 44.8 3.0
14.1 44.8 3.0
14.2 44.8 3.0
14.3 44.8 3.0
14.4 44.8 3.0
14.5 44.8 3.0
14.6 44.8 3.0
14.7 44.8 3.0
14.8 44.8 3.0
14.9 44.8 3.0
15 44.8 3.0
15.1 44.8 3.0
15.2 44.8 3.0
15.3 44.8 3.0
15.4 44.8 3.0
15.5 44.8 3.0
15.6 44.8 3.0
15.7 44.8 3.0
15.8 44.8 3.0
15.9 44.8 3.0
16 44.8 3.0
16.1 44.8 3.0
16.2 44.8 3.0
16.3 44.8 3.0
16.4 44.8 3.0
16.5 44.8 3.0
16.6 44.8 3.0
16.7 44.8 3.0
16.8 44.8 3.0
16.9 44.8 3.0
17 44.8 3.0
6 44.7 3.0
6.1 44.7 3.0
6.2 44.7 3.0
6.3 44.7 3.0
6.4 44.7 3.0
6.5 44.7 3.0
6.6 44.7 3.0
6.7 44.7 3.0
6.8 44.7 3.0
6.9 44.7 3.0
7 44.7 3.0
7.1 44.7 3.0
7.2 44.7 3.0
7.3 44.7 3.0
7.4 44.7 3.0
7.5 44.7 3.0
7.6 44.7 3.0
7.7 44.7 3.0
7.8 44.7 3.0
7.9 44.7 3.0
8 44.7 3.0
8.1 44.7 3.0
8.2 44.7 3.0
8.3 44.7 3.0
8.4 44.7 3.0
8.5 44.7 3.0
8.6 44.7 3.0
8.7 44.7 3.0
8.8 44.7 3.0
8.9 44.7 3.0
9 44.7 3.0
9.1 44.7 3.0
9.2 44.7 3.0
9.3 44.7 3.0
9.4 44.7 3.0
9.5 44.7 3.0
9.6 44.7 3.0
9.7 44.7 3.0
9.8 44.7 3.0
9.9 44.7 3.0
10 44.7 3.0
10.1 44.7 3.0
10.2 44.7 3.0
10.3 44.7 3.0
10.4 44.7 3.0
10.5 44.7 3.0
10.6 44.7 3.0
10.7 44.7 3.0
10.8 44.7 3.0
10.9 44.7 3.0
11 44.7 3.0
11.1 44.7 3.0
11.2 44.7 3.0
11.3 44.7 3.0
11.4 44.7 3.0
11.5 44.7 3.0
11.6 44.7 3.0
11.7 44.7 3.0
11.8 44.7 3.0
11.9 44.7 3.0
12 44.7 3.0
12.1 44.7 3.0
12.2 44.7 3.0
12.3 44.7 3.0
12.4 44.7 3.0
12.5 44.7 3.0
12.6 44.7 3.0
12.7 44.7 3.0
12.8 44.7 3.0
12.9 44.7 3.0
13 44.7 3.0
13.1 44.7 3.0
13.2 44.7 3.0
13.3 44.7 3.0
13.4 44.7 3.0
13.5 44.7 3.0
13.6 44.7 3.0
13.7 44.7 3.0
13.8 44.7 3.0
13.9 44.7 3.0
14 44.7 3.0
14.1 44.7 3.0
14.2 44.7 3.0
14.3 44.7 3.0
14.4 44.7 3.0
14.5 44.7 3.0
14.6 44.7 3.0
14.7 44.7 3.0
14.8 44.7 3.0
14.9 44.7 3.0
15 44.7 3.0
15.1 44.7 3.0
15.2 44.7 3.0
15.3 44.7 3.0
15.4 44.7 3.0
15.5 44.7 3.0
15.6 44.7 3.0
15.7 44.7 3.0
15.8 44.7 3.0
15.9 44.7 3.0
16 44.7 3.0
16.1 44.7 3.0
16.2 44.7 3.0
16.3 44.7 3.0
16.4 44.7 3.0
16.5 44.7 3.0
16.6 44.7 3.0
16.7 44.7 3.0
16.8 44.7 3.0
16.9 44.7 3.0
17 44.7 3.0
6 44.6 3.0
6.1 44.6 3.0
6.2 44.6 3.0
6.3 44.6 3.0
6.4 44.6 3.0
6.5 44.6 3.0
6.6 44.6 3.0
6.7 44.6 3.0
6.8 44.6 3.0
6.9 44.6 3.0
7 44.6 3.0
7.1 44.6 3.0
7.2 44.6 3.0
7.3 44.6 3.0
7.4 44.6 3.0
7.5 44.6 3.0
7.6 44.6 3.0
7.7 44.6 3.0
7.8 44.6 3.0
7.9 44.6 3.0
8 44.6 3.0
8.1 44.6 3.0
8.2 44.6 3.0
8.3 44.6 3.0
8.4 44.6 3.0
8.5 44.6 3.0
8.6 44.6 3.0
8.7 44.6 3.0
8.8 44.6 3.0
8.9 44.6 3.0
9 44.6 3.0
9.1 44.6 3.0
9.2 44.6 3.0
9.3 44.6 3.0
9.4 44.6 3.0
9.5 44.6 3.0
9.6 44.6 3.0
9.7 44.6 3.0
9.8 44.6 3.0
9.9 44.6 3.0
10 44.6 3.0
10.1 44.6 3.0
10.2 44.6 3.0
10.3 44.6 3.0
10.4 44.6 3.0
10.5 44.6 3.0
10.6 44.6 3.0
10.7 44.6 3.0
10.8 44.6 3.0
10.9 44.6 3.0
11 44.6 3.0
11.1 44.6 3.0
11.2 44.6 3.0
11.3 44.6 3.0
11.4 44.6 3.0
11.5 44.6 3.0
11.6 44.6 3.0
11.7 44.6 3.0
11.8 44.6 3.0
11.9 44.6 3.0
12 44.6 3.0
12.1 44.6 3.0
12.2 44.6 3.0
12.3 44.6 3.0
12.4 44.6 3.0
12.5 44.6 3.0
12.6 44.6 3.0
12.7 44.6 3.0
12.8 44.6 3.0
12.9 44.6 3.0
13 44.6 3.0
13.1 44.6 3.0
13.2 44.6 3.0
13.3 44.6 3.0
13.4 44.6 3.0
13.5 44.6 3.0
13.6 44.6 3.0
13.7 44.6 3.0
13.8 44.6 3.0
13.9 44.6 3.0
14 44.6 3.0
14.1 44.6 3.0
14.2 44.6 3.0
14.3 44.6 3.0
14.4 44.6 3.0
14.5 44.6 3.0
14.6 44.6 3.0
14.7 44.6 3.0
14.8 44.6 3.0
14.9 44.6 3.0
15 44.6 3.0
15.1 44.6 3.0
15.2 44.6 3.0
15.3 44.6 3.0
15.4 44.6 3.0
15.5 44.6 3.0
15.6 44.6 3.0
15.7 44.6 3.0
15.8 44.6 3.0
15.9 44.6 3.0
16 44.6 3.0
16.1 44.6 3.0
16.2 44.6 3.0
16.3 44.6 3.0
16.4 44.6 3.0
16.5 44.6 3.0
16.6 44.6 3.0
16.7 44.6 3.0
16.8 44.6 3.0
16.9 44.6 3.0
17 44.6 3.0
6 44.5 3.0
6.1 44.5 3.0
6.2 44.5 3.0
6.3 44.5 3.0
6.4 44.5 3.0
6.5 44.5 3.0
6.6 44.5 3.0
6.7 44.5 3.0
6.8 44.5 3.0
6.9 44.5 3.0
7 44.5 3.0
7.1 44.5 3.0
7.2 44.5 3.0
7.3 44.5 3.0
7.4 44.5 3.0
7.5 44.5 3.0
7.6 44.5 3.0
7.7 44.5 3.0
7.8 44.5 3.0
7.9 44.5 3.0
8 44.5 3.0
8.1 44.5 3.0
8.2 44.5 3.0
8.3 44.5 3.0
8.4 44.5 3.0
8.5 44.5 3.0
8.6 44.5 3.0
8.7 44.5 3.0
8.8 44.5 3.0
8.9 44.5 3.0
9 44.5 3.0
9.1 44.5 3.0
9.2 44.5 3.0
9.3 44.5 3.0
9.4 44.5 3.0
9.5 44.5 3.0
9.6 44.5 3.0
9.7 44.5 3.0
9.8 44.5 3.0
9.9 44.5 3.0
10 44.5 3.0
10.1 44.5 3.0
10.2 44.5 3.0
10.3 44.5 3.0
10.4 44.5 3.0
10.5 44.5 3.0
10.6 44.5 3.0
10.7 44.5 3.0
10.8 44.5 3.0
10.9 44.5 3.0
11 44.5 3.0
11.1 44.5 3.0
11.2 44.5 3.0
11.3 44.5 3.0
11.4 44.5 3.0
11.5 44.5 3.0
11.6 44.5 3.0
11.7 44.5 3.0
11.8 44.5 3.0
11.9 44.5 3.0
12 44.5 3.0
12.1 44.5 3.0
12.2 44.5 3.0
12.3 44.5 3.0
12.4 44.5 3.0
12.5 44.5 3.0
12.6 44.5 3.0
12.7 44.5 3.0
12.8 44.5 3.0
12.9 44.5 3.0
13 44.5 3.0
13.1 44.5 3.0
13.2 44.5 3.0
13.3 44.5 3.0
13.4 44.5 3.0
13.5 44.5 3.0
13.6 44.5 3.0
13.7 44.5 3.0
13.8 44.5 3.0
13.9 44.5 3.0
14 44.5 3.0
14.1 44.5 3.0
14.2 44.5 3.0
14.3 44.5 3.0
14.4 44.5 3.0
14.5 44.5 3.0
14.6 44.5 3.0
14.7 44.5 3.0
14.8 44.5 3.0
14.9 44.5 3.0
15 44.5 3.0
15.1 44.5 3.0
15.2 44.5 3.0
15.3 44.5 3.0
15.4 44.5 3.0
15.5 44.5 3.0
15.6 44.5 3.0
15.7 44.5 3.0
15.8 44.5 3.0
15.9 44.5 3.0
16 44.5 3.0
16.1 44.5 3.0
16.2 44.5 3.0
16.3 44.5 3.0
16.4 44.5 3.0
16.5 44.5 3.0
16.6 44.5 3.0
16.7 44.5 3.0
16.8 44.5 3.0
16.9 44.5 3.0
17 44.5 3.0
6 44.4 3.0
6.1 44.4 3.0
6.2 44.4 3.0
6.3 44.4 3.0
6.4 44.4 3.0
6.5 44.4 3.0
6.6 44.4 3.0
6.7 44.4 3.0
6.8 44.4 3.0
6.9 44.4 3.0
7 44.4 3.0
7.1 44.4 3.0
7.2 44.4 3.0
7.3 44.4 3.0
7.4 44.4 3.0
7.5 44.4 3.0
7.6 44.4 3.0
7.7 44.4 3.0
7.8 44.4 3.0
7.9 44.4 3.0
8 44.4 3.0
8.1 44.4 3.0
8.2 44.4 3.0
8.3 44.4 3.0
8.4 44.4 3.0
8.5 44.4 3.0
8.6 44.4 3.0
8.7 44.4 3.0
8.8 44.4 3.0
8.9 44.4 3.0
9 44.4 3.0
9.1 44.4 3.0
9.2 44.4 3.0
9.3 44.4 3.0
9.4 44.4 3.0
9.5 44.4 3.0
9.6 44.4 3.0
9.7 44.4 3.0
9.8 44.4 3.0
9.9 44.4 3.0
10 44.4 3.0
10.1 44.4 3.0
10.2 44.4 3.0
10.3 44.4 3.0
10.4 44.4 3.0
10.5 44.4 3.0
10.6 44.4 3.0
10.7 44.4 3.0
10.8 44.4 3.0
10.9 44.4 3.0
11 44.4 3.0
11.1 44.4 3.0
11.2 44.4 3.0
11.3 44.4 3.0
11.4 44.4 3.0
11.5 44.4 3.0
11.6 44.4 3.0
11.7 44.4 3.0
11.8 44.4 3.0
11.9 44.4 3.0
12 44.4 3.0
12.1 44.4 3.0
12.2 44.4 3.0
12.3 44.4 3.0
12.4 44.4 3.0
12.5 44.4 3.0
12.6 44.4 3.0
12.7 44.4 3.0
12.8 44.4 3.0
12.9 44.4 3.0
13 44.4 3.0
13.1 44.4 3.0
13.2 44.4 3.0
13.3 44.4 3.0
13.4 44.4 3.0
13.5 44.4 3.0
13.6 44.4 3.0
13.7 44.4 3.0
13.8 44.4 3.0
13.9 44.4 3.0
14 44.4 3.0
14.1 44.4 3.0
14.2 44.4 3.0
14.3 44.4 3.0
14.4 44.4 3.0
14.5 44.4 3.0
14.6 44.4 3.0
14.7 44.4 3.0
14.8 44.4 3.0
14.9 44.4 3.0
15 44.4 3.0
15.1 44.4 3.0
15.2 44.4 3.0
15.3 44.4 3.0
15.4 44.4 3.0
15.5 44.4 3.0
15.6 44.4 3.0
15.7 44.4 3.0
15.8 44.4 3.0
15.9 44.4 3.0
16 44.4 3.0
16.1 44.4 3.0
16.2 44.4 3.0
16.3 44.4 3.0
16.4 44.4 3.0
16.5 44.4 3.0
16.6 44.4 3.0
16.7 44.4 3.0
16.8 44.4 3.0
16.9 44.4 3.0
17 44.4 3.0
6 44.3 3.0
6.1 44.3 3.0
6.2 44.3 3.0
6.3 44.3 3.0
6.4 44.3 3.0
6.5 44.3 3.0
6.6 44.3 3.0
6.7 44.3 3.0
6.8 44.3 3.0
6.9 44.3 3.0
7 44.3 3.0
7.1 44.3 3.0
7.2 44.3 3.0
7.3 44.3 3.0
7.4 44.3 3.0
7.5 44.3 3.0
7.6 44.3 3.0
7.7 44.3 3.0
7.8 44.3 3.0
7.9 44.3 3.0
8 44.3 3.0
8.1 44.3 3.0
8.2 44.3 3.0
8.3 44.3 3.0
8.4 44.3 3.0
8.5 44.3 3.0
8.6 44.3 3.0
8.7 44.3 3.0
8.8 44.3 3.0
8.9 44.3 3.0
9 44.3 3.0
9.1 44.3 3.0
9.2 44.3 3.0
9.3 44.3 3.0
9.4 44.3 3.0
9.5 44.3 3.0
9.6 44.3 3.0
9.7 44.3 3.0
9.8 44.3 3.0
9.9 44.3 3.0
10 44.3 3.0
10.1 44.3 3.0
10.2 44.3 3.0
10.3 44.3 3.0
10.4 44.3 3.0
10.5 44.3 3.0
10.6 44.3 3.0
10.7 44.3 3.0
10.8 44.3 3.0
10.9 44.3 3.0
11 44.3 3.0
11.1 44.3 3.0
11.2 44.3 3.0
11.3 44.3 3.0
11.4 44.3 3.0
11.5 44.3 3.0
11.6 44.3 3.0
11.7 44.3 3.0
11.8 44.3 3.0
11.9 44.3 3.0
12 44.3 3.0
12.1 44.3 3.0
12.2 44.3 3.0
12.3 44.3 3.0
12.4 44.3 3.0
12.5 44.3 3.0
12.6 44.3 3.0
12.7 44.3 3.0
12.8 44.3 3.0
12.9 44.3 3.0
13 44.3 3.0
13.1 44.3 3.0
13.2 44.3 3.0
13.3 44.3 3.0
13.4 44.3 3.0
13.5 44.3 3.0
13.6 44.3 3.0
13.7 44.3 3.0
13.8 44.3 3.0
13.9 44.3 3.0
14 44.3 3.0
14.1 44.3 3.0
14.2 44.3 3.0
14.3 44.3 3.0
14.4 44.3 3.0
14.5 44.3 3.0
14.6 44.3 3.0
14.7 44.3 3.0
14.8 44.3 3.0
14.9 44.3 3.0
15 44.3 3.0
15.1 44.3 3.0
15.2 44.3 3.0
15.3 44.3 3.0
15.4 44.3 3.0
15.5 44.3 3.0
15.6 44.3 3.0
15.7 44.3 3.0
15.8 44.3 3.0
15.9 44.3 3.0
16 44.3 3.0
16.1 44.3 3.0
16.2 44.3 3.0
16.3 44.3 3.0
16.4 44.3 3.0
16.5 44.3 3.0
16.6 44.3 3.0
16.7 44.3 3.0
16.8 44.3 3.0
16.9 44.3 3.0
17 44.3 3.0
6 44.2 3.0
6.1 44.2 3.0
6.2 44.2 3.0
6.3 44.2 3.0
6.4 44.2 3.0
6.5 44.2 3.0
6.6 44.2 3.0
6.7 44.2 3.0
6.8 44.2 3.0
6.9 44.2 3.0
7 44.2 3.0
7.1 44.2 3.0
7.2 44.2 3.0
7.3 44.2 3.0
7.4 44.2 3.0
7.5 44.2 3.0
7.6 44.2 3.0
7.7 44.2 3.0
7.8 44.2 3.0
7.9 44.2 3.0
8 44.2 3.0
8.1 44.2 3.0
8.2 44.2 3.0
8.3 44.2 3.0
8.4 44.2 3.0
8.5 44.2 3.0
8.6 44.2 3.0
8.7 44.2 3.0
8.8 44.2 3.0
8.9 44.2 3.0
9 44.2 3.0
9.1 44.2 3.0
9.2 44.2 3.0
9.3 44.2 3.0
9.4 44.2 3.0
9.5 44.2 3.0
9.6 44.2 3.0
9.7 44.2 3.0
9.8 44.2 3.0
9.9 44.2 3.0
10 44.2 3.0
10.1 44.2 3.0
10.2 44.2 3.0
10.3 44.2 3.0
10.4 44.2 3.0
10.5 44.2 3.0
10.6 44.2 3.0
10.7 44.2 3.0
10.8 44.2 3.0
10.9 44.2 3.0
11 44.2 3.0
11.1 44.2 3.0
11.2 44.2 3.0
11.3 44.2 3.0
11.4 44.2 3.0
11.5 44.2 3.0
11.6 44.2 3.0
11.7 44.2 3.0
11.8 44.2 3.0
11.9 44.2 3.0
12 44.2 3.0
12.1 44.2 3.0
12.2 44.2 3.0
12.3 44.2 3.0
12.4 44.2 3.0
12.5 44.2 3.0
12.6 44.2 3.0
12.7 44.2 3.0
12.8 44.2 3.0
12.9 44.2 3.0
13 44.2 3.0
13.1 44.2 3.0
13.2 44.2 3.0
13.3 44.2 3.0
13.4 44.2 3.0
13.5 44.2 3.0
13.6 44.2 3.0
13.7 44.2 3.0
13.8 44.2 3.0
13.9 44.2 3.0
14 44.2 3.0
14.1 44.2 3.0
14.2 44.2 3.0
14.3 44.2 3.0
14.4 44.2 3.0
14.5 44.2 3.0
14.6 44.2 3.0
14.7 44.2 3.0
14.8 44.2 3.0
14.9 44.2 3.0
15 44.2 3.0
15.1 44.2 3.0
15.2 44.2 3.0
15.3 44.2 3.0
15.4 44.2 3.0
15.5 44.2 3.0
15.6 44.2 3.0
15.7 44.2 3.0
15.8 44.2 3.0
15.9 44.2 3.0
16 44.2 3.0
16.1 44.2 3.0
16.2 44.2 3.0
16.3 44.2 3.0
16.4 44.2 3.0
16.5 44.2 3.0
16.6 44.2 3.0
16.7 44.2 3.0
16.8 44.2 3.0
16.9 44.2 3.0
17 44.2 3.0
6 44.1 3.0
6.1 44.1 3.0
6.2 44.1 3.0
6.3 44.1 3.0
6.4 44.1 3.0
6.5 44.1 3.0
6.6 44.1 3.0
6.7 44.1 3.0
6.8 44.1 3.0
6.9 44.1 3.0
7 44.1 3.0
7.1 44.1 3.0
7.2 44.1 3.0
7.3 44.1 3.0
7.4 44.1 3.0
7.5 44.1 3.0
7.6 44.1 3.0
7.7 44.1 3.0
7.8 44.1 3.0
7.9 44.1 3.0
8 44.1 3.0
8.1 44.1 3.0
8.2 44.1 3.0
8.3 44.1 3.0
8.4 44.1 3.0
8.5 44.1 3.0
8.6 44.1 3.0
8.7 44.1 3.0
8.8 44.1 3.0
8.9 44.1 3.0
9 44.1 3.0
9.1 44.1 3.0
9.2 44.1 3.0
9.3 44.1 3.0
9.4 44.1 3.0
9.5 44.1 3.0
9.6 44.1 3.0
9.7 44.1 3.0
9.8 44.1 3.0
9.9 44.1 3.0
10 44.1 3.0
10.1 44.1 3.0
10.2 44.1 3.0
10.3 44.1 3.0
10.4 44.1 3.0
10.5 44.1 3.0
10.6 44.1 3.0
10.7 44.1 3.0
10.8 44.1 3.0
10.9 44.1 3.0
11 44.1 3.0
11.1 44.1 3.0
11.2 44.1 3.0
11.3 44.1 3.0
11.4 44.1 3.0
11.5 44.1 3.0
11.6 44.1 3.0
11.7 44.1 3.0
11.8 44.1 3.0
11.9 44.1 3.0
12 44.1 3.0
12.1 44.1 3.0
12.2 44.1 3.0
12.3 44.1 3.0
12.4 44.1 3.0
12.5 44.1 3.0
12.6 44.1 3.0
12.7 44.1 3.0
12.8 44.1 3.0
12.9 44.1 3.0
13 44.1 3.0
13.1 44.1 3.0
13.2 44.1 3.0
13.3 44.1 3.0
13.4 44.1 3.0
13.5 44.1 3.0
13.6 44.1 3.0
13.7 44.1 3.0
13.8 44.1 3.0
13.9 44.1 3.0
14 44.1 3.0
14.1 44.1 3.0
14.2 44.1 3.0
14.3 44.1 3.0
14.4 44.1 3.0
14.5 44.1 3.0
14.6 44.1 3.0
14.7 44.1 3.0
14.8 44.1 3.0
14.9 44.1 3.0
15 44.1 3.0
15.1 44.1 3.0
15.2 44.1 3.0
15.3 44.1 3.0
15.4 44.1 3.0
15.5 44.1 3.0
15.6 44.1 3.0
15.7 44.1 3.0
15.8 44.1 3.0
15.9 44.1 3.0
16 44.1 3.0
16.1 44.1 3.0
16.2 44.1 3.0
16.3 44.1 3.0
16.4 44.1 3.0
16.5 44.1 3.0
16.6 44.1 3.0
16.7 44.1 3.0
16.8 44.1 3.0
16.9 44.1 3.0
17 44.1 3.0
6 44 3.0
6.1 44 3.0
6.2 44 3.0
6.3 44 3.0
6.4 44 3.0
6.5 44 3.0
6.6 44 3.0
6.7 44 3.0
6.8 44 3.0
6.9 44 3.0
7 44 3.0
7.1 44 3.0
7.2 44 3.0
7.3 44 3.0
7.4 44 3.0
7.5 44 3.0
7.6 44 3.0
7.7 44 3.0
7.8 44 3.0
7.9 44 3.0
8 44 3.0
8.1 44 3.0
8.2 44 3.0
8.3 44 3.0
8.4 44 3.0
8.5 44 3.0
8.6 44 3.0
8.7 44 3.0
8.8 44 3.0
8.9 44 3.0
9 44 3.0
9.1 44 3.0
9.2 44 3.0
9.3 44 3.0
9.4 44 3.0
9.5 44 3.0
9.6 44 3.0
9.7 44 3.0
9.8 44 3.0
9.9 44 3.0
10 44 3.0
10.1 44 3.0
10.2 44 3.0
10.3 44 3.0
10.4 44 3.0
10.5 44 3.0
10.6 44 3.0
10.7 44 3.0
10.8 44 3.0
10.9 44 3.0
11 44 3.0
11.1 44 3.0
11.2 44 3.0
11.3 44 3.0
11.4 44 3.0
11.5 44 3.0
11.6 44 3.0
11.7 44 3.0
11.8 44 3.0
11.9 44 3.0
12 44 3.0
12.1 44 3.0
12.2 44 3.0
12.3 44 3.0
12.4 44 3.0
12.5 44 3.0
12.6 44 3.0
12.7 44 3.0
12.8 44 3.0
12.9 44 3.0
13 44 3.0
13.1 44 3.0
13.2 44 3.0
13.3 44 3.0
13.4 44 3.0
13.5 44 3.0
13.6 44 3.0
13.7 44 3.0
13.8 44 3.0
13.9 44 3.0
14 44 3.0
14.1 44 3.0
14.2 44 3.0
14.3 44 3.0
14.4 44 3.0
14.5 44 3.0
14.6 44 3.0
14.7 44 3.0
14.8 44 3.0
14.9 44 3.0
15 44 3.0
15.1 44 3.0
15.2 44 3.0
15.3 44 3.0
15.4 44 3.0
15.5 44 3.0
15.6 44 3.0
15.7 44 3.0
15.8 44 3.0
15.9 44 3.0
16 44 3.0
16.1 44 3.0
16.2 44 3.0
16.3 44 3.0
16.4 44 3.0
16.5 44 3.0
16.6 44 3.0
16.7 44 3.0
16.8 44 3.0
16.9 44 3.0
17 44 3.0
6 43.9 3.0
6.1 43.9 3.0
6.2 43.9 3.0
6.3 43.9 3.0
6.4 43.9 3.0
6.5 43.9 3.0
6.6 43.9 3.0
6.7 43.9 3.0
6.8 43.9 3.0
6.9 43.9 3.0
7 43.9 3.0
7.1 43.9 3.0
7.2 43.9 3.0
7.3 43.9 3.0
7.4 43.9 3.0
7.5 43.9 3.0
7.6 43.9 3.0
7.7 43.9 3.0
7.8 43.9 3.0
7.9 43.9 3.0
8 43.9 3.0
8.1 43.9 3.0
8.2 43.9 3.0
8.3 43.9 3.0
8.4 43.9 3.0
8.5 43.9 3.0
8.6 43.9 3.0
8.7 43.9 3.0
8.8 43.9 3.0
8.9 43.9 3.0
9 43.9 3.0
9.1 43.9 3.0
9.2 43.9 3.0
9.3 43.9 3.0
9.4 43.9 3.0
9.5 43.9 3.0
9.6 43.9 3.0
9.7 43.9 3.0
9.8 43.9 3.0
9.9 43.9 3.0
10 43.9 3.0
10.1 43.9 3.0
10.2 43.9 3.0
10.3 43.9 3.0
10.4 43.9 3.0
10.5 43.9 3.0
10.6 43.9 3.0
10.7 43.9 3.0
10.8 43.9 3.0
10.9 43.9 3.0
11 43.9 3.0
11.1 43.9 3.0
11.2 43.9 3.0
11.3 43.9 3.0
11.4 43.9 3.0
11.5 43.9 3.0
11.6 43.9 3.0
11.7 43.9 3.0
11.8 43.9 3.0
11.9 43.9 3.0
12 43.9 3.0
12.1 43.9 3.0
12.2 43.9 3.0
12.3 43.9 3.0
12.4 43.9 3.0
12.5 43.9 3.0
12.6 43.9 3.0
12.7 43.9 3.0
12.8 43.9 3.0
12.9 43.9 3.0
13 43.9 3.0
13.1 43.9 3.0
13.2 43.9 3.0
13.3 43.9 3.0
13.4 43.9 3.0
13.5 43.9 3.0
13.6 43.9 3.0
13.7 43.9 3.0
13.8 43.9 3.0
13.9 43.9 3.0
14 43.9 3.0
14.1 43.9 3.0
14.2 43.9 3.0
14.3 43.9 3.0
14.4 43.9 3.0
14.5 43.9 3.0
14.6 43.9 3.0
14.7 43.9 3.0
14.8 43.9 3.0
14.9 43.9 3.0
15 43.9 3.0
15.1 43.9 3.0
15.2 43.9 3.0
15.3 43.9 3.0
15.4 43.9 3.0
15.5 43.9 3.0
15.6 43.9 3.0
15.7 43.9 3.0
15.8 43.9 3.0
15.9 43.9 3.0
16 43.9 3.0
16.1 43.9 3.0
16.2 43.9 3.0
16.3 43.9 3.0
16.4 43.9 3.0
16.5 43.9 3.0
16.6 43.9 3.0
16.7 43.9 3.0
16.8 43.9 3.0
16.9 43.9 3.0
17 43.9 3.0
6 43.8 3.0
6.1 43.8 3.0
6.2 43.8 3.0
6.3 43.8 3.0
6.4 43.8 3.0
6.5 43.8 3.0
6.6 43.8 3.0
6.7 43.8 3.0
6.8 43.8 3.0
6.9 43.8 3.0
7 43.8 3.0
7.1 43.8 3.0
7.2 43.8 3.0
7.3 43.8 3.0
7.4 43.8 3.0
7.5 43.8 3.0
7.6 43.8 3.0
7.7 43.8 3.0
7.8 43.8 3.0
7.9 43.8 3.0
8 43.8 3.0
8.1 43.8 3.0
8.2 43.8 3.0
8.3 43.8 3.0
8.4 43.8 3.0
8.5 43.8 3.0
8.6 43.8 3.0
8.7 43.8 3.0
8.8 43.8 3.0
8.9 43.8 3.0
9 43.8 3.0
9.1 43.8 3.0
9.2 43.8 3.0
9.3 43.8 3.0
9.4 43.8 3.0
9.5 43.8 3.0
9.6 43.8 3.0
9.7 43.8 3.0
9.8 43.8 3.0
9.9 43.8 3.0
10 43.8 3.0
10.1 43.8 3.0
10.2 43.8 3.0
10.3 43.8 3.0
10.4 43.8 3.0
10.5 43.8 3.0
10.6 43.8 3.0
10.7 43.8 3.0
10.8 43.8 3.0
10.9 43.8 3.0
11 43.8 3.0
11.1 43.8 3.0
11.2 43.8 3.0
11.3 43.8 3.0
11.4 43.8 3.0
11.5 43.8 3.0
11.6 43.8 3.0
11.7 43.8 3.0
11.8 43.8 3.0
11.9 43.8 3.0
12 43.8 3.0
12.1 43.8 3.0
12.2 43.8 3.0
12.3 43.8 3.0
12.4 43.8 3.0
12.5 43.8 3.0
12.6 43.8 3.0
12.7 43.8 3.0
12.8 43.8 3.0
12.9 43.8 3.0
13 43.8 3.0
13.1 43.8 3.0
13.2 43.8 3.0
13.3 43.8 3.0
13.4 43.8 3.0
13.5 43.8 3.0
13.6 43.8 3.0
13.7 43.8 3.0
13.8 43.8 3.0
13.9 43.8 3.0
14 43.8 3.0
14.1 43.8 3.0
14.2 43.8 3.0
14.3 43.8 3.0
14.4 43.8 3.0
14.5 43.8 3.0
14.6 43.8 3.0
14.7 43.8 3.0
14.8 43.8 3.0
14.9 43.8 3.0
15 43.8 3.0
15.1 43.8 3.0
15.2 43.8 3.0
15.3 43.8 3.0
15.4 43.8 3.0
15.5 43.8 3.0
15.6 43.8 3.0
15.7 43.8 3.0
15.8 43.8 3.0
15.9 43.8 3.0
16 43.8 3.0
16.1 43.8 3.0
16.2 43.8 3.0
16.3 43.8 3.0
16.4 43.8 3.0
16.5 43.8 3.0
16.6 43.8 3.0
16.7 43.8 3.0
16.8 43.8 3.0
16.9 43.8 3.0
17 43.8 3.0
6 43.7 3.0
6.1 43.7 3.0
6.2 43.7 3.0
6.3 43.7 3.0
6.4 43.7 3.0
6.5 43.7 3.0
6.6 43.7 3.0
6.7 43.7 3.0
6.8 43.7 3.0
6.9 43.7 3.0
7 43.7 3.0
7.1 43.7 3.0
7.2 43.7 3.0
7.3 43.7 3.0
7.4 43.7 3.0
7.5 43.7 3.0
7.6 43.7 3.0
7.7 43.7 3.0
7.8 43.7 3.0
7.9 43.7 3.0
8 43.7 3.0
8.1 43.7 3.0
8.2 43.7 3.0
8.3 43.7 3.0
8.4 43.7 3.0
8.5 43.7 3.0
8.6 43.7 3.0
8.7 43.7 3.0
8.8 43.7 3.0
8.9 43.7 3.0
9 43.7 3.0
9.1 43.7 3.0
9.2 43.7 3.0
9.3 43.7 3.0
9.4 43.7 3.0
9.5 43.7 3.0
9.6 43.7 3.0
9.7 43.7 3.0
9.8 43.7 3.0
9.9 43.7 3.0
10 43.7 3.0
10.1 43.7 3.0
10.2 43.7 3.0
10.3 43.7 3.0
10.4 43.7 3.0
10.5 43.7 3.0
10.6 43.7 3.0
10.7 43.7 3.0
10.8 43.7 3.0
10.9 43.7 3.0
11 43.7 3.0
11.1 43.7 3.0
11.2 43.7 3.0
11.3 43.7 3.0
11.4 43.7 3.0
11.5 43.7 3.0
11.6 43.7 3.0
11.7 43.7 3.0
11.8 43.7 3.0
11.9 43.7 3.0
12 43.7 3.0
12.1 43.7 3.0
12.2 43.7 3.0
12.3 43.7 3.0
12.4 43.7 3.0
12.5 43.7 3.0
12.6 43.7 3.0
12.7 43.7 3.0
12.8 43.7 3.0
12.9 43.7 3.0
13 43.7 3.0
13.1 43.7 3.0
13.2 43.7 3.0
13.3 43.7 3.0
13.4 43.7 3.0
13.5 43.7 3.0
13.6 43.7 3.0
13.7 43.7 3.0
13.8 43.7 3.0
13.9 43.7 3.0
14 43.7 3.0
14.1 43.7 3.0
14.2 43.7 3.0
14.3 43.7 3.0
14.4 43.7 3.0
14.5 43.7 3.0
14.6 43.7 3.0
14.7 43.7 3.0
14.8 43.7 3.0
14.9 43.7 3.0
15 43.7 3.0
15.1 43.7 3.0
15.2 43.7 3.0
15.3 43.7 3.0
15.4 43.7 3.0
15.5 43.7 3.0
15.6 43.7 3.0
15.7 43.7 3.0
15.8 43.7 3.0
15.9 43.7 3.0
16 43.7 3.0
16.1 43.7 3.0
16.2 43.7 3.0
16.3 43.7 3.0
16.4 43.7 3.0
16.5 43.7 3.0
16.6 43.7 3.0
16.7 43.7 3.0
16.8 43.7 3.0
16.9 43.7 3.0
17 43.7 3.0
6 43.6 3.0
6.1 43.6 3.0
6.2 43.6 3.0
6.3 43.6 3.0
6.4 43.6 3.0
6.5 43.6 3.0
6.6 43.6 3.0
6.7 43.6 3.0
6.8 43.6 3.0
6.9 43.6 3.0
7 43.6 3.0
7.1 43.6 3.0
7.2 43.6 3.0
7.3 43.6 3.0
7.4 43.6 3.0
7.5 43.6 3.0
7.6 43.6 3.0
7.7 43.6 3.0
7.8 43.6 3.0
7.9 43.6 3.0
8 43.6 3.0
8.1 43.6 3.0
8.2 43.6 3.0
8.3 43.6 3.0
8.4 43.6 3.0
8.5 43.6 3.0
8.6 43.6 3.0
8.7 43.6 3.0
8.8 43.6 3.0
8.9 43.6 3.0
9 43.6 3.0
9.1 43.6 3.0
9.2 43.6 3.0
9.3 43.6 3.0
9.4 43.6 3.0
9.5 43.6 3.0
9.6 43.6 3.0
9.7 43.6 3.0
9.8 43.6 3.0
9.9 43.6 3.0
10 43.6 3.0
10.1 43.6 3.0
10.2 43.6 3.0
10.3 43.6 3.0
10.4 43.6 3.0
10.5 43.6 3.0
10.6 43.6 3.0
10.7 43.6 3.0
10.8 43.6 3.0
10.9 43.6 3.0
11 43.6 3.0
11.1 43.6 3.0
11.2 43.6 3.0
11.3 43.6 3.0
11.4 43.6 3.0
11.5 43.6 3.0
11.6 43.6 3.0
11.7 43.6 3.0
11.8 43.6 3.0
11.9 43.6 3.0
12 43.6 3.0
12.1 43.6 3.0
12.2 43.6 3.0
12.3 43.6 3.0
12.4 43.6 3.0
12.5 43.6 3.0
12.6 43.6 3.0
12.7 43.6 3.0
12.8 43.6 3.0
12.9 43.6 3.0
13 43.6 3.0
13.1 43.6 3.0
13.2 43.6 3.0
13.3 43.6 3.0
13.4 43.6 3.0
13.5 43.6 3.0
13.6 43.6 3.0
13.7 43.6 3.0
13.8 43.6 3.0
13.9 43.6 3.0
14 43.6 3.0
14.1 43.6 3.0
14.2 43.6 3.0
14.3 43.6 3.0
14.4 43.6 3.0
14.5 43.6 3.0
14.6 43.6 3.0
14.7 43.6 3.0
14.8 43.6 3.0
14.9 43.6 3.0
15 43.6 3.0
15.1 43.6 3.0
15.2 43.6 3.0
15.3 43.6 3.0
15.4 43.6 3.0
15.5 43.6 3.0
15.6 43.6 3.0
15.7 43.6 3.0
15.8 43.6 3.0
15.9 43.6 3.0
16 43.6 3.0
16.1 43.6 3.0
16.2 43.6 3.0
16.3 43.6 3.0
16.4 43.6 3.0
16.5 43.6 3.0
16.6 43.6 3.0
16.7 43.6 3.0
16.8 43.6 3.0
16.9 43.6 3.0
17 43.6 3.0
6 43.5 3.0
6.1 43.5 3.0
6.2 43.5 3.0
6.3 43.5 3.0
6.4 43.5 3.0
6.5 43.5 3.0
6.6 43.5 3.0
6.7 43.5 3.0
6.8 43.5 3.0
6.9 43.5 3.0
7 43.5 3.0
7.1 43.5 3.0
7.2 43.5 3.0
7.3 43.5 3.0
7.4 43.5 3.0
7.5 43.5 3.0
7.6 43.5 3.0
7.7 43.5 3.0
7.8 43.5 3.0
7.9 43.5 3.0
8 43.5 3.0
8.1 43.5 3.0
8.2 43.5 3.0
8.3 43.5 3.0
8.4 43.5 3.0
8.5 43.5 3.0
8.6 43.5 3.0
8.7 43.5 3.0
8.8 43.5 3.0
8.9 43.5 3.0
9 43.5 3.0
9.1 43.5 3.0
9.2 43.5 3.0
9.3 43.5 3.0
9.4 43.5 3.0
9.5 43.5 3.0
9.6 43.5 3.0
9.7 43.5 3.0
9.8 43.5 3.0
9.9 43.5 3.0
10 43.5 3.0
10.1 43.5 3.0
10.2 43.5 3.0
10.3 43.5 3.0
10.4 43.5 3.0
10.5 43.5 3.0
10.6 43.5 3.0
10.7 43.5 3.0
10.8 43.5 3.0
10.9 43.5 3.0
11 43.5 3.0
11.1 43.5 3.0
11.2 43.5 3.0
11.3 43.5 3.0
11.4 43.5 3.0
11.5 43.5 3.0
11.6 43.5 3.0
11.7 43.5 3.0
11.8 43.5 3.0
11.9 43.5 3.0
12 43.5 3.0
12.1 43.5 3.0
12.2 43.5 3.0
12.3 43.5 3.0
12.4 43.5 3.0
12.5 43.5 3.0
12.6 43.5 3.0
12.7 43.5 3.0
12.8 43.5 3.0
12.9 43.5 3.0
13 43.5 3.0
13.1 43.5 3.0
13.2 43.5 3.0
13.3 43.5 3.0
13.4 43.5 3.0
13.5 43.5 3.0
13.6 43.5 3.0
13.7 43.5 3.0
13.8 43.5 3.0
13.9 43.5 3.0
14 43.5 3.0
14.1 43.5 3.0
14.2 43.5 3.0
14.3 43.5 3.0
14.4 43.5 3.0
14.5 43.5 3.0
14.6 43.5 3.0
14.7 43.5 3.0
14.8 43.5 3.0
14.9 43.5 3.0
15 43.5 3.0
15.1 43.5 3.0
15.2 43.5 3.0
15.3 43.5 3.0
15.4 43.5 3.0
15.5 43.5 3.0
15.6 43.5 3.0
15.7 43.5 3.0
15.8 43.5 3.0
15.9 43.5 3.0
16 43.5 3.0
16.1 43.5 3.0
16.2 43.5 3.0
16.3 43.5 3.0
16.4 43.5 3.0
16.5 43.5 3.0
16.6 43.5 3.0
16.7 43.5 3.0
16.8 43.5 3.0
16.9 43.5 3.0
17 43.5 3.0
6 43.4 3.0
6.1 43.4 3.0
6.2 43.4 3.0
6.3 43.4 3.0
6.4 43.4 3.0
6.5 43.4 3.0
6.6 43.4 3.0
6.7 43.4 3.0
6.8 43.4 3.0
6.9 43.4 3.0
7 43.4 3.0
7.1 43.4 3.0
7.2 43.4 3.0
7.3 43.4 3.0
7.4 43.4 3.0
7.5 43.4 3.0
7.6 43.4 3.0
7.7 43.4 3.0
7.8 43.4 3.0
7.9 43.4 3.0
8 43.4 3.0
8.1 43.4 3.0
8.2 43.4 3.0
8.3 43.4 3.0
8.4 43.4 3.0
8.5 43.4 3.0
8.6 43.4 3.0
8.7 43.4 3.0
8.8 43.4 3.0
8.9 43.4 3.0
9 43.4 3.0
9.1 43.4 3.0
9.2 43.4 3.0
9.3 43.4 3.0
9.4 43.4 3.0
9.5 43.4 3.0
9.6 43.4 3.0
9.7 43.4 3.0
9.8 43.4 3.0
9.9 43.4 3.0
10 43.4 3.0
10.1 43.4 3.0
10.2 43.4 3.0
10.3 43.4 3.0
10.4 43.4 3.0
10.5 43.4 3.0
10.6 43.4 3.0
10.7 43.4 3.0
10.8 43.4 3.0
10.9 43.4 3.0
11 43.4 3.0
11.1 43.4 3.0
11.2 43.4 3.0
11.3 43.4 3.0
11.4 43.4 3.0
11.5 43.4 3.0
11.6 43.4 3.0
11.7 43.4 3.0
11.8 43.4 3.0
11.9 43.4 3.0
12 43.4 3.0
12.1 43.4 3.0
12.2 43.4 3.0
12.3 43.4 3.0
12.4 43.4 3.0
12.5 43.4 3.0
12.6 43.4 3.0
12.7 43.4 3.0
12.8 43.4 3.0
12.9 43.4 3.0
13 43.4 3.0
13.1 43.4 3.0
13.2 43.4 3.0
13.3 43.4 3.0
13.4 43.4 3.0
13.5 43.4 3.0
13.6 43.4 3.0
13.7 43.4 3.0
13.8 43.4 3.0
13.9 43.4 3.0
14 43.4 3.0
14.1 43.4 3.0
14.2 43.4 3.0
14.3 43.4 3.0
14.4 43.4 3.0
14.5 43.4 3.0
14.6 43.4 3.0
14.7 43.4 3.0
14.8 43.4 3.0
14.9 43.4 3.0
15 43.4 3.0
15.1 43.4 3.0
15.2 43.4 3.0
15.3 43.4 3.0
15.4 43.4 3.0
15.5 43.4 3.0
15.6 43.4 3.0
15.7 43.4 3.0
15.8 43.4 3.0
15.9 43.4 3.0
16 43.4 3.0
16.1 43.4 3.0
16.2 43.4 3.0
16.3 43.4 3.0
16.4 43.4 3.0
16.5 43.4 3.0
16.6 43.4 3.0
16.7 43.4 3.0
16.8 43.4 3.0
16.9 43.4 3.0
17 43.4 3.0
6 43.3 3.0
6.1 43.3 3.0
6.2 43.3 3.0
6.3 43.3 3.0
6.4 43.3 3.0
6.5 43.3 3.0
6.6 43.3 3.0
6.7 43.3 3.0
6.8 43.3 3.0
6.9 43.3 3.0
7 43.3 3.0
7.1 43.3 3.0
7.2 43.3 3.0
7.3 43.3 3.0
7.4 43.3 3.0
7.5 43.3 3.0
7.6 43.3 3.0
7.7 43.3 3.0
7.8 43.3 3.0
7.9 43.3 3.0
8 43.3 3.0
8.1 43.3 3.0
8.2 43.3 3.0
8.3 43.3 3.0
8.4 43.3 3.0
8.5 43.3 3.0
8.6 43.3 3.0
8.7 43.3 3.0
8.8 43.3 3.0
8.9 43.3 3.0
9 43.3 3.0
9.1 43.3 3.0
9.2 43.3 3.0
9.3 43.3 3.0
9.4 43.3 3.0
9.5 43.3 3.0
9.6 43.3 3.0
9.7 43.3 3.0
9.8 43.3 3.0
9.9 43.3 3.0
10 43.3 3.0
10.1 43.3 3.0
10.2 43.3 3.0
10.3 43.3 3.0
10.4 43.3 3.0
10.5 43.3 3.0
10.6 43.3 3.0
10.7 43.3 3.0
10.8 43.3 3.0
10.9 43.3 3.0
11 43.3 3.0
11.1 43.3 3.0
11.2 43.3 3.0
11.3 43.3 3.0
11.4 43.3 3.0
11.5 43.3 3.0
11.6 43.3 3.0
11.7 43.3 3.0
11.8 43.3 3.0
11.9 43.3 3.0
12 43.3 3.0
12.1 43.3 3.0
12.2 43.3 3.0
12.3 43.3 3.0
12.4 43.3 3.0
12.5 43.3 3.0
12.6 43.3 3.0
12.7 43.3 3.0
12.8 43.3 3.0
12.9 43.3 3.0
13 43.3 3.0
13.1 43.3 3.0
13.2 43.3 3.0
13.3 43.3 3.0
13.4 43.3 3.0
13.5 43.3 3.0
13.6 43.3 3.0
13.7 43.3 3.0
13.8 43.3 3.0
13.9 43.3 3.0
14 43.3 3.0
14.1 43.3 3.0
14.2 43.3 3.0
14.3 43.3 3.0
14.4 43.3 3.0
14.5 43.3 3.0
14.6 43.3 3.0
14.7 43.3 3.0
14.8 43.3 3.0
14.9 43.3 3.0
15 43.3 3.0
15.1 43.3 3.0
15.2 43.3 3.0
15.3 43.3 3.0
15.4 43.3 3.0
15.5 43.3 3.0
15.6 43.3 3.0
15.7 43.3 3.0
15.8 43.3 3.0
15.9 43.3 3.0
16 43.3 3.0
16.1 43.3 3.0
16.2 43.3 3.0
16.3 43.3 3.0
16.4 43.3 3.0
16.5 43.3 3.0
16.6 43.3 3.0
16.7 43.3 3.0
16.8 43.3 3.0
16.9 43.3 3.0
17 43.3 3.0
6 43.2 3.0
6.1 43.2 3.0
6.2 43.2 3.0
6.3 43.2 3.0
6.4 43.2 3.0
6.5 43.2 3.0
6.6 43.2 3.0
6.7 43.2 3.0
6.8 43.2 3.0
6.9 43.2 3.0
7 43.2 3.0
7.1 43.2 3.0
7.2 43.2 3.0
7.3 43.2 3.0
7.4 43.2 3.0
7.5 43.2 3.0
7.6 43.2 3.0
7.7 43.2 3.0
7.8 43.2 3.0
7.9 43.2 3.0
8 43.2 3.0
8.1 43.2 3.0
8.2 43.2 3.0
8.3 43.2 3.0
8.4 43.2 3.0
8.5 43.2 3.0
8.6 43.2 3.0
8.7 43.2 3.0
8.8 43.2 3.0
8.9 43.2 3.0
9 43.2 3.0
9.1 43.2 3.0
9.2 43.2 3.0
9.3 43.2 3.0
9.4 43.2 3.0
9.5 43.2 3.0
9.6 43.2 3.0
9.7 43.2 3.0
9.8 43.2 3.0
9.9 43.2 3.0
10 43.2 3.0
10.1 43.2 3.0
10.2 43.2 3.0
10.3 43.2 3.0
10.4 43.2 3.0
10.5 43.2 3.0
10.6 43.2 3.0
10.7 43.2 3.0
10.8 43.2 3.0
10.9 43.2 3.0
11 43.2 3.0
11.1 43.2 3.0
11.2 43.2 3.0
11.3 43.2 3.0
11.4 43.2 3.0
11.5 43.2 3.0
11.6 43.2 3.0
11.7 43.2 3.0
11.8 43.2 3.0
11.9 43.2 3.0
12 43.2 3.0
12.1 43.2 3.0
12.2 43.2 3.0
12.3 43.2 3.0
12.4 43.2 3.0
12.5 43.2 3.0
12.6 43.2 3.0
12.7 43.2 3.0
12.8 43.2 3.0
12.9 43.2 3.0
13 43.2 3.0
13.1 43.2 3.0
13.2 43.2 3.0
13.3 43.2 3.0
13.4 43.2 3.0
13.5 43.2 3.0
13.6 43.2 3.0
13.7 43.2 3.0
13.8 43.2 3.0
13.9 43.2 3.0
14 43.2 3.0
14.1 43.2 3.0
14.2 43.2 3.0
14.3 43.2 3.0
14.4 43.2 3.0
14.5 43.2 3.0
14.6 43.2 3.0
14.7 43.2 3.0
14.8 43.2 3.0
14.9 43.2 3.0
15 43.2 3.0
15.1 43.2 3.0
15.2 43.2 3.0
15.3 43.2 3.0
15.4 43.2 3.0
15.5 43.2 3.0
15.6 43.2 3.0
15.7 43.2 3.0
15.8 43.2 3.0
15.9 43.2 3.0
16 43.2 3.0
16.1 43.2 3.0
16.2 43.2 3.0
16.3 43.2 3.0
16.4 43.2 3.0
16.5 43.2 3.0
16.6 43.2 3.0
16.7 43.2 3.0
16.8 43.2 3.0
16.9 43.2 3.0
17 43.2 3.0
6 43.1 3.0
6.1 43.1 3.0
6.2 43.1 3.0
6.3 43.1 3.0
6.4 43.1 3.0
6.5 43.1 3.0
6.6 43.1 3.0
6.7 43.1 3.0
6.8 43.1 3.0
6.9 43.1 3.0
7 43.1 3.0
7.1 43.1 3.0
7.2 43.1 3.0
7.3 43.1 3.0
7.4 43.1 3.0
7.5 43.1 3.0
7.6 43.1 3.0
7.7 43.1 3.0
7.8 43.1 3.0
7.9 43.1 3.0
8 43.1 3.0
8.1 43.1 3.0
8.2 43.1 3.0
8.3 43.1 3.0
8.4 43.1 3.0
8.5 43.1 3.0
8.6 43.1 3.0
8.7 43.1 3.0
8.8 43.1 3.0
8.9 43.1 3.0
9 43.1 3.0
9.1 43.1 3.0
9.2 43.1 3.0
9.3 43.1 3.0
9.4 43.1 3.0
9.5 43.1 3.0
9.6 43.1 3.0
9.7 43.1 3.0
9.8 43.1 3.0
9.9 43.1 3.0
10 43.1 3.0
10.1 43.1 3.0
10.2 43.1 3.0
10.3 43.1 3.0
10.4 43.1 3.0
10.5 43.1 3.0
10.6 43.1 3.0
10.7 43.1 3.0
10.8 43.1 3.0
10.9 43.1 3.0
11 43.1 3.0
11.1 43.1 3.0
11.2 43.1 3.0
11.3 43.1 3.0
11.4 43.1 3.0
11.5 43.1 3.0
11.6 43.1 3.0
11.7 43.1 3.0
11.8 43.1 3.0
11.9 43.1 3.0
12 43.1 3.0
12.1 43.1 3.0
12.2 43.1 3.0
12.3 43.1 3.0
12.4 43.1 3.0
12.5 43.1 3.0
12.6 43.1 3.0
12.7 43.1 3.0
12.8 43.1 3.0
12.9 43.1 3.0
13 43.1 3.0
13.1 43.1 3.0
13.2 43.1 3.0
13.3 43.1 3.0
13.4 43.1 3.0
13.5 43.1 3.0
13.6 43.1 3.0
13.7 43.1 3.0
13.8 43.1 3.0
13.9 43.1 3.0
14 43.1 3.0
14.1 43.1 3.0
14.2 43.1 3.0
14.3 43.1 3.0
14.4 43.1 3.0
14.5 43.1 3.0
14.6 43.1 3.0
14.7 43.1 3.0
14.8 43.1 3.0
14.9 43.1 3.0
15 43.1 3.0
15.1 43.1 3.0
15.2 43.1 3.0
15.3 43.1 3.0
15.4 43.1 3.0
15.5 43.1 3.0
15.6 43.1 3.0
15.7 43.1 3.0
15.8 43.1 3.0
15.9 43.1 3.0
16 43.1 3.0
16.1 43.1 3.0
16.2 43.1 3.0
16.3 43.1 3.0
16.4 43.1 3.0
16.5 43.1 3.0
16.6 43.1 3.0
16.7 43.1 3.0
16.8 43.1 3.0
16.9 43.1 3.0
17 43.1 3.0
6 43 3.0
6.1 43 3.0
6.2 43 3.0
6.3 43 3.0
6.4 43 3.0
6.5 43 3.0
6.6 43 3.0
6.7 43 3.0
6.8 43 3.0
6.9 43 3.0
7 43 3.0
7.1 43 3.0
7.2 43 3.0
7.3 43 3.0
7.4 43 3.0
7.5 43 3.0
7.6 43 3.0
7.7 43 3.0
7.8 43 3.0
7.9 43 3.0
8 43 3.0
8.1 43 3.0
8.2 43 3.0
8.3 43 3.0
8.4 43 3.0
8.5 43 3.0
8.6 43 3.0
8.7 43 3.0
8.8 43 3.0
8.9 43 3.0
9 43 3.0
9.1 43 3.0
9.2 43 3.0
9.3 43 3.0
9.4 43 3.0
9.5 43 3.0
9.6 43 3.0
9.7 43 3.0
9.8 43 3.0
9.9 43 3.0
10 43 3.0
10.1 43 3.0
10.2 43 3.0
10.3 43 3.0
10.4 43 3.0
10.5 43 3.0
10.6 43 3.0
10.7 43 3.0
10.8 43 3.0
10.9 43 3.0
11 43 3.0
11.1 43 3.0
11.2 43 3.0
11.3 43 3.0
11.4 43 3.0
11.5 43 3.0
11.6 43 3.0
11.7 43 3.0
11.8 43 3.0
11.9 43 3.0
12 43 3.0
12.1 43 3.0
12.2 43 3.0
12.3 43 3.0
12.4 43 3.0
12.5 43 3.0
12.6 43 3.0
12.7 43 3.0
12.8 43 3.0
12.9 43 3.0
13 43 3.0
13.1 43 3.0
13.2 43 3.0
13.3 43 3.0
13.4 43 3.0
13.5 43 3.0
13.6 43 3.0
13.7 43 3.0
13.8 43 3.0
13.9 43 3.0
14 43 3.0
14.1 43 3.0
14.2 43 3.0
14.3 43 3.0
14.4 43 3.0
14.5 43 3.0
14.6 43 3.0
14.7 43 3.0
14.8 43 3.0
14.9 43 3.0
15 43 3.0
15.1 43 3.0
15.2 43 3.0
15.3 43 3.0
15.4 43 3.0
15.5 43 3.0
15.6 43 3.0
15.7 43 3.0
15.8 43 3.0
15.9 43 3.0
16 43 3.0
16.1 43 3.0
16.2 43 3.0
16.3 43 3.0
16.4 43 3.0
16.5 43 3.0
16.6 43 3.0
16.7 43 3.0
16.8 43 3.0
16.9 43 3.0
17 43 3.0
6 42.9 3.0
6.1 42.9 3.0
6.2 42.9 3.0
6.3 42.9 3.0
6.4 42.9 3.0
6.5 42.9 3.0
6.6 42.9 3.0
6.7 42.9 3.0
6.8 42.9 3.0
6.9 42.9 3.0
7 42.9 3.0
7.1 42.9 3.0
7.2 42.9 3.0
7.3 42.9 3.0
7.4 42.9 3.0
7.5 42.9 3.0
7.6 42.9 3.0
7.7 42.9 3.0
7.8 42.9 3.0
7.9 42.9 3.0
8 42.9 3.0
8.1 42.9 3.0
8.2 42.9 3.0
8.3 42.9 3.0
8.4 42.9 3.0
8.5 42.9 3.0
8.6 42.9 3.0
8.7 42.9 3.0
8.8 42.9 3.0
8.9 42.9 3.0
9 42.9 3.0
9.1 42.9 3.0
9.2 42.9 3.0
9.3 42.9 3.0
9.4 42.9 3.0
9.5 42.9 3.0
9.6 42.9 3.0
9.7 42.9 3.0
9.8 42.9 3.0
9.9 42.9 3.0
10 42.9 3.0
10.1 42.9 3.0
10.2 42.9 3.0
10.3 42.9 3.0
10.4 42.9 3.0
10.5 42.9 3.0
10.6 42.9 3.0
10.7 42.9 3.0
10.8 42.9 3.0
10.9 42.9 3.0
11 42.9 3.0
11.1 42.9 3.0
11.2 42.9 3.0
11.3 42.9 3.0
11.4 42.9 3.0
11.5 42.9 3.0
11.6 42.9 3.0
11.7 42.9 3.0
11.8 42.9 3.0
11.9 42.9 3.0
12 42.9 3.0
12.1 42.9 3.0
12.2 42.9 3.0
12.3 42.9 3.0
12.4 42.9 3.0
12.5 42.9 3.0
12.6 42.9 3.0
12.7 42.9 3.0
12.8 42.9 3.0
12.9 42.9 3.0
13 42.9 3.0
13.1 42.9 3.0
13.2 42.9 3.0
13.3 42.9 3.0
13.4 42.9 3.0
13.5 42.9 3.0
13.6 42.9 3.0
13.7 42.9 3.0
13.8 42.9 3.0
13.9 42.9 3.0
14 42.9 3.0
14.1 42.9 3.0
14.2 42.9 3.0
14.3 42.9 3.0
14.4 42.9 3.0
14.5 42.9 3.0
14.6 42.9 3.0
14.7 42.9 3.0
14.8 42.9 3.0
14.9 42.9 3.0
15 42.9 3.0
15.1 42.9 3.0
15.2 42.9 3.0
15.3 42.9 3.0
15.4 42.9 3.0
15.5 42.9 3.0
15.6 42.9 3.0
15.7 42.9 3.0
15.8 42.9 3.0
15.9 42.9 3.0
16 42.9 3.0
16.1 42.9 3.0
16.2 42.9 3.0
16.3 42.9 3.0
16.4 42.9 3.0
16.5 42.9 3.0
16.6 42.9 3.0
16.7 42.9 3.0
16.8 42.9 3.0
16.9 42.9 3.0
17 42.9 3.0
6 42.8 3.0
6.1 42.8 3.0
6.2 42.8 3.0
6.3 42.8 3.0
6.4 42.8 3.0
6.5 42.8 3.0
6.6 42.8 3.0
6.7 42.8 3.0
6.8 42.8 3.0
6.9 42.8 3.0
7 42.8 3.0
7.1 42.8 3.0
7.2 42.8 3.0
7.3 42.8 3.0
7.4 42.8 3.0
7.5 42.8 3.0
7.6 42.8 3.0
7.7 42.8 3.0
7.8 42.8 3.0
7.9 42.8 3.0
8 42.8 3.0
8.1 42.8 3.0
8.2 42.8 3.0
8.3 42.8 3.0
8.4 42.8 3.0
8.5 42.8 3.0
8.6 42.8 3.0
8.7 42.8 3.0
8.8 42.8 3.0
8.9 42.8 3.0
9 42.8 3.0
9.1 42.8 3.0
9.2 42.8 3.0
9.3 42.8 3.0
9.4 42.8 3.0
9.5 42.8 3.0
9.6 42.8 3.0
9.7 42.8 3.0
9.8 42.8 3.0
9.9 42.8 3.0
10 42.8 3.0
10.1 42.8 3.0
10.2 42.8 3.0
10.3 42.8 3.0
10.4 42.8 3.0
10.5 42.8 3.0
10.6 42.8 3.0
10.7 42.8 3.0
10.8 42.8 3.0
10.9 42.8 3.0
11 42.8 3.0
11.1 42.8 3.0
11.2 42.8 3.0
11.3 42.8 3.0
11.4 42.8 3.0
11.5 42.8 3.0
11.6 42.8 3.0
11.7 42.8 3.0
11.8 42.8 3.0
11.9 42.8 3.0
12 42.8 3.0
12.1 42.8 3.0
12.2 42.8 3.0
12.3 42.8 3.0
12.4 42.8 3.0
12.5 42.8 3.0
12.6 42.8 3.0
12.7 42.8 3.0
12.8 42.8 3.0
12.9 42.8 3.0
13 42.8 3.0
13.1 42.8 3.0
13.2 42.8 3.0
13.3 42.8 3.0
13.4 42.8 3.0
13.5 42.8 3.0
13.6 42.8 3.0
13.7 42.8 3.0
13.8 42.8 3.0
13.9 42.8 3.0
14 42.8 3.0
14.1 42.8 3.0
14.2 42.8 3.0
14.3 42.8 3.0
14.4 42.8 3.0
14.5 42.8 3.0
14.6 42.8 3.0
14.7 42.8 3.0
14.8 42.8 3.0
14.9 42.8 3.0
15 42.8 3.0
15.1 42.8 3.0
15.2 42.8 3.0
15.3 42.8 3.0
15.4 42.8 3.0
15.5 42.8 3.0
15.6 42.8 3.0
15.7 42.8 3.0
15.8 42.8 3.0
15.9 42.8 3.0
16 42.8 3.0
16.1 42.8 3.0
16.2 42.8 3.0
16.3 42.8 3.0
16.4 42.8 3.0
16.5 42.8 3.0
16.6 42.8 3.0
16.7 42.8 3.0
16.8 42.8 3.0
16.9 42.8 3.0
17 42.8 3.0
6 42.7 3.0
6.1 42.7 3.0
6.2 42.7 3.0
6.3 42.7 3.0
6.4 42.7 3.0
6.5 42.7 3.0
6.6 42.7 3.0
6.7 42.7 3.0
6.8 42.7 3.0
6.9 42.7 3.0
7 42.7 3.0
7.1 42.7 3.0
7.2 42.7 3.0
7.3 42.7 3.0
7.4 42.7 3.0
7.5 42.7 3.0
7.6 42.7 3.0
7.7 42.7 3.0
7.8 42.7 3.0
7.9 42.7 3.0
8 42.7 3.0
8.1 42.7 3.0
8.2 42.7 3.0
8.3 42.7 3.0
8.4 42.7 3.0
8.5 42.7 3.0
8.6 42.7 3.0
8.7 42.7 3.0
8.8 42.7 3.0
8.9 42.7 3.0
9 42.7 3.0
9.1 42.7 3.0
9.2 42.7 3.0
9.3 42.7 3.0
9.4 42.7 3.0
9.5 42.7 3.0
9.6 42.7 3.0
9.7 42.7 3.0
9.8 42.7 3.0
9.9 42.7 3.0
10 42.7 3.0
10.1 42.7 3.0
10.2 42.7 3.0
10.3 42.7 3.0
10.4 42.7 3.0
10.5 42.7 3.0
10.6 42.7 3.0
10.7 42.7 3.0
10.8 42.7 3.0
10.9 42.7 3.0
11 42.7 3.0
11.1 42.7 3.0
11.2 42.7 3.0
11.3 42.7 3.0
11.4 42.7 3.0
11.5 42.7 3.0
11.6 42.7 3.0
11.7 42.7 3.0
11.8 42.7 3.0
11.9 42.7 3.0
12 42.7 3.0
12.1 42.7 3.0
12.2 42.7 3.0
12.3 42.7 3.0
12.4 42.7 3.0
12.5 42.7 3.0
12.6 42.7 3.0
12.7 42.7 3.0
12.8 42.7 3.0
12.9 42.7 3.0
13 42.7 3.0
13.1 42.7 3.0
13.2 42.7 3.0
13.3 42.7 3.0
13.4 42.7 3.0
13.5 42.7 3.0
13.6 42.7 3.0
13.7 42.7 3.0
13.8 42.7 3.0
13.9 42.7 3.0
14 42.7 3.0
14.1 42.7 3.0
14.2 42.7 3.0
14.3 42.7 3.0
14.4 42.7 3.0
14.5 42.7 3.0
14.6 42.7 3.0
14.7 42.7 3.0
14.8 42.7 3.0
14.9 42.7 3.0
15 42.7 3.0
15.1 42.7 3.0
15.2 42.7 3.0
15.3 42.7 3.0
15.4 42.7 3.0
15.5 42.7 3.0
15.6 42.7 3.0
15.7 42.7 3.0
15.8 42.7 3.0
15.9 42.7 3.0
16 42.7 3.0
16.1 42.7 3.0
16.2 42.7 3.0
16.3 42.7 3.0
16.4 42.7 3.0
16.5 42.7 3.0
16.6 42.7 3.0
16.7 42.7 3.0
16.8 42.7 3.0
16.9 42.7 3.0
17 42.7 3.0
6 42.6 3.0
6.1 42.6 3.0
6.2 42.6 3.0
6.3 42.6 3.0
6.4 42.6 3.0
6.5 42.6 3.0
6.6 42.6 3.0
6.7 42.6 3.0
6.8 42.6 3.0
6.9 42.6 3.0
7 42.6 3.0
7.1 42.6 3.0
7.2 42.6 3.0
7.3 42.6 3.0
7.4 42.6 3.0
7.5 42.6 3.0
7.6 42.6 3.0
7.7 42.6 3.0
7.8 42.6 3.0
7.9 42.6 3.0
8 42.6 3.0
8.1 42.6 3.0
8.2 42.6 3.0
8.3 42.6 3.0
8.4 42.6 3.0
8.5 42.6 3.0
8.6 42.6 3.0
8.7 42.6 3.0
8.8 42.6 3.0
8.9 42.6 3.0
9 42.6 3.0
9.1 42.6 3.0
9.2 42.6 3.0
9.3 42.6 3.0
9.4 42.6 3.0
9.5 42.6 3.0
9.6 42.6 3.0
9.7 42.6 3.0
9.8 42.6 3.0
9.9 42.6 3.0
10 42.6 3.0
10.1 42.6 3.0
10.2 42.6 3.0
10.3 42.6 3.0
10.4 42.6 3.0
10.5 42.6 3.0
10.6 42.6 3.0
10.7 42.6 3.0
10.8 42.6 3.0
10.9 42.6 3.0
11 42.6 3.0
11.1 42.6 3.0
11.2 42.6 3.0
11.3 42.6 3.0
11.4 42.6 3.0
11.5 42.6 3.0
11.6 42.6 3.0
11.7 42.6 3.0
11.8 42.6 3.0
11.9 42.6 3.0
12 42.6 3.0
12.1 42.6 3.0
12.2 42.6 3.0
12.3 42.6 3.0
12.4 42.6 3.0
12.5 42.6 3.0
12.6 42.6 3.0
12.7 42.6 3.0
12.8 42.6 3.0
12.9 42.6 3.0
13 42.6 3.0
13.1 42.6 3.0
13.2 42.6 3.0
13.3 42.6 3.0
13.4 42.6 3.0
13.5 42.6 3.0
13.6 42.6 3.0
13.7 42.6 3.0
13.8 42.6 3.0
13.9 42.6 3.0
14 42.6 3.0
14.1 42.6 3.0
14.2 42.6 3.0
14.3 42.6 3.0
14.4 42.6 3.0
14.5 42.6 3.0
14.6 42.6 3.0
14.7 42.6 3.0
14.8 42.6 3.0
14.9 42.6 3.0
15 42.6 3.0
15.1 42.6 3.0
15.2 42.6 3.0
15.3 42.6 3.0
15.4 42.6 3.0
15.5 42.6 3.0
15.6 42.6 3.0
15.7 42.6 3.0
15.8 42.6 3.0
15.9 42.6 3.0
16 42.6 3.0
16.1 42.6 3.0
16.2 42.6 3.0
16.3 42.6 3.0
16.4 42.6 3.0
16.5 42.6 3.0
16.6 42.6 3.0
16.7 42.6 3.0
16.8 42.6 3.0
16.9 42.6 3.0
17 42.6 3.0
6 42.5 3.0
6.1 42.5 3.0
6.2 42.5 3.0
6.3 42.5 3.0
6.4 42.5 3.0
6.5 42.5 3.0
6.6 42.5 3.0
6.7 42.5 3.0
6.8 42.5 3.0
6.9 42.5 3.0
7 42.5 3.0
7.1 42.5 3.0
7.2 42.5 3.0
7.3 42.5 3.0
7.4 42.5 3.0
7.5 42.5 3.0
7.6 42.5 3.0
7.7 42.5 3.0
7.8 42.5 3.0
7.9 42.5 3.0
8 42.5 3.0
8.1 42.5 3.0
8.2 42.5 3.0
8.3 42.5 3.0
8.4 42.5 3.0
8.5 42.5 3.0
8.6 42.5 3.0
8.7 42.5 3.0
8.8 42.5 3.0
8.9 42.5 3.0
9 42.5 3.0
9.1 42.5 3.0
9.2 42.5 3.0
9.3 42.5 3.0
9.4 42.5 3.0
9.5 42.5 3.0
9.6 42.5 3.0
9.7 42.5 3.0
9.8 42.5 3.0
9.9 42.5 3.0
10 42.5 3.0
10.1 42.5 3.0
10.2 42.5 3.0
10.3 42.5 3.0
10.4 42.5 3.0
10.5 42.5 3.0
10.6 42.5 3.0
10.7 42.5 3.0
10.8 42.5 3.0
10.9 42.5 3.0
11 42.5 3.0
11.1 42.5 3.0
11.2 42.5 3.0
11.3 42.5 3.0
11.4 42.5 3.0
11.5 42.5 3.0
11.6 42.5 3.0
11.7 42.5 3.0
11.8 42.5 3.0
11.9 42.5 3.0
12 42.5 3.0
12.1 42.5 3.0
12.2 42.5 3.0
12.3 42.5 3.0
12.4 42.5 3.0
12.5 42.5 3.0
12.6 42.5 3.0
12.7 42.5 3.0
12.8 42.5 3.0
12.9 42.5 3.0
13 42.5 3.0
13.1 42.5 3.0
13.2 42.5 3.0
13.3 42.5 3.0
13.4 42.5 3.0
13.5 42.5 3.0
13.6 42.5 3.0
13.7 42.5 3.0
13.8 42.5 3.0
13.9 42.5 3.0
14 42.5 3.0
14.1 42.5 3.0
14.2 42.5 3.0
14.3 42.5 3.0
14.4 42.5 3.0
14.5 42.5 3.0
14.6 42.5 3.0
14.7 42.5 3.0
14.8 42.5 3.0
14.9 42.5 3.0
15 42.5 3.0
15.1 42.5 3.0
15.2 42.5 3.0
15.3 42.5 3.0
15.4 42.5 3.0
15.5 42.5 3.0
15.6 42.5 3.0
15.7 42.5 3.0
15.8 42.5 3.0
15.9 42.5 3.0
16 42.5 3.0
16.1 42.5 3.0
16.2 42.5 3.0
16.3 42.5 3.0
16.4 42.5 3.0
16.5 42.5 3.0
16.6 42.5 3.0
16.7 42.5 3.0
16.8 42.5 3.0
16.9 42.5 3.0
17 42.5 3.0
