-14.43 -14.04
-66.96 -23.64
-90.78 1.56
169.7 -18.84
154.35 -6.39
99.51 -47.89
-173.07 -15
154.89 -7.32
-69.02 -33.63
-174.06 -22.19
128.76 -7.39
-65.59 -24.91
-75.41 -38.09
-72.05 -35.11
-72.46 -34.25
167 -13.65
-72.55 -33.45
-68.69 -22.36
-73.75 -36.89
-73.59 -36.76
-73.78 -38.22
-66.84 -25.94
-72.11 -34.54
-72.13 -34.53
-72.08 -34.62
-72.18 -34.41
-73.85 -35.96
-73.63 -36.49
152.33 -3.32
-71.31 -28.11
153.89 -61.09
-73.2 -36.33
-69.32 -20.07
141.95 -3.67
-68.36 -28.81
-71.1 -25.75
166.24 -12.99
161.18 -11.04
147.36 -56.93
-27 -56.55
147.3 -6.82
-73.32 -37.69
128.05 -1.79
-27.67 -55.57
-72.22 -34.48
-71.25 -18.32
118.27 -8.07
-135.49 -54.72
-77.55 -5.13
-74.52 -14.03
-71.64 -8.08
-26.11 -57.64
149.46 -6.43
136.36 -1.87
179.94 -32.9
-177.49 -19.16
151.18 -5.86
161.43 -10.54
-75.34 -37.91
-73.72 -37.91
129.37 -5.17
166.44 -13.71
-68.61 -22.4
-73.8 -38.39
-73.89 -38.35
-70.49 -24.85
150.33 -6.22
150.68 -6.32
-12.99 -29.08
150.76 -6.33
168.26 -15.15
-173.26 -14.84
141.44 -3.82
153.99 -61.27
150.8 -6.26
-176.97 -26.93
146.9 -5.59
-179.24 -21.89
167.15 -14.42
167.64 -17.32
-77.51 -1.51
148.41 -5.85
-178.67 -20.74
-26.66 -55.87
172.12 -43.56
-173.54 -17.33
170.06 -20.52
-74.16 -37.27
-71.09 -14.73
-74.53 -7.9
133.91 -5.2
133.66 -4.89
-173.25 -20.69
-173.19 -20.57
125.73 -7.31
-74.07 -34.82
-68.79 -21.07
-71.39 -29.58
-86.21 -41.42
153.83 -5.62
150.34 -6.59
151.63 -5.63
134.12 -4.58
-173.66 -20.59
96.07 -45.46
154.73 -6.44
139.18 -1.85
-178.38 -33.5
149.12 -6.12
131.13 -3.37
-178.81 -15.77
149.9 -6.3
-25.48 -56.49
155.71 -6.61
128.8 -7.46
130.16 -6.51
111.3 -9.2
168.04 -19.67
168.1 -19.61
168.12 -19.58
167.82 -19.3
-179.73 -23.49
168.1 -19.65
-63.21 -27.02
-73.84 -38.71
171.58 -22.48
167.05 -13.18
168.34 -20.68
167.17 -14.67
-172.81 -19.42
166.25 -11
176.03 -38.49
166.11 -11.68
